Gene: [[3, 2, 3], [2, 0, 1], [5, 3, 2], [2, 3, 2], [1, 3, 2], [3, 1, 2], [2, 2, 3], [2, 1, 0], [5, 0, 1]] Fitness: 0.5679100737452567

Gene: [[0, 0, 1], [2, 2, 1], [2, 0, 1], [0, 0, 1], [4, 0, 1], [0, 2, 1], [4, 2, 3]] Fitness: 0.8000799760071978

Gene: [[1, 1, 0], [2, 1, 2], [2, 2, 1], [3, 2, 3], [5, 1, 2], [4, 1, 0], [1, 2, 1], [5, 1, 2], [4, 1, 0], [4, 3, 2]] Fitness: 0.6016409112633423

Gene: [[1, 1, 0], [2, 1, 2], [2, 3, 2], [5, 2, 3], [4, 2, 3], [4, 1, 0], [3, 1, 2]] Fitness: 0.8000799760071978

Gene: [[5, 2, 3], [5, 2, 1], [0, 2, 3], [4, 0, 1], [2, 0, 1], [4, 2, 3], [4, 2, 1], [4, 1, 2], [2, 1, 0], [4, 0, 1], [1, 1, 0], [4, 1, 2], [4, 1, 0], [2, 2, 1], [2, 1, 0], [4, 0, 1]] Fitness: 0.6081949232215607

Gene: [[5, 1, 0], [4, 3, 2], [2, 3, 2], [0, 1, 2], [4, 3, 2], [2, 0, 1], [5, 0, 1], [4, 2, 1], [4, 0, 1], [1, 2, 3], [0, 2, 1], [2, 1, 0], [4, 1, 0], [5, 1, 2], [5, 1, 2], [0, 1, 2], [5, 1, 2], [3, 3, 2]] Fitness: 0.8000799760071978

Gene: [[1, 3, 2], [2, 2, 1], [0, 2, 1], [0, 0, 1], [3, 2, 3], [3, 3, 2], [2, 1, 0], [1, 3, 2], [2, 2, 1], [3, 1, 2], [1, 2, 3], [4, 1, 0], [2, 2, 1], [1, 0, 1], [2, 1, 2], [2, 1, 2], [2, 3, 2], [4, 2, 1], [3, 2, 1], [5, 0, 1], [4, 3, 2], [3, 0, 1]] Fitness: 0.8469475990084742

Gene: [[0, 1, 2], [2, 2, 1], [5, 2, 1], [5, 3, 2], [2, 3, 2], [5, 2, 3], [3, 3, 2], [4, 1, 0], [5, 2, 1], [5, 2, 3], [0, 2, 1], [0, 3, 2], [0, 3, 2], [2, 2, 1], [0, 2, 3], [1, 1, 0], [5, 2, 3], [3, 1, 0], [4, 2, 1], [0, 3, 2], [2, 2, 1], [2, 0, 1]] Fitness: 0.8594400410560529

Gene: [[5, 1, 2], [3, 3, 2], [1, 2, 1], [5, 2, 3], [2, 0, 1], [0, 0, 1], [0, 2, 1], [0, 2, 3], [2, 3, 2], [0, 3, 2], [4, 0, 1], [5, 1, 2], [5, 1, 2], [0, 2, 1], [3, 1, 0], [3, 0, 1], [0, 2, 3], [3, 3, 2], [5, 0, 1], [4, 3, 2]] Fitness: 0.8000799760071978

Gene: [[1, 3, 2], [2, 0, 1], [1, 2, 1], [2, 2, 3], [0, 2, 1], [4, 2, 1], [1, 3, 2], [2, 3, 2], [5, 3, 2], [2, 2, 1], [0, 1, 0], [0, 3, 2], [2, 2, 3], [2, 2, 3], [3, 1, 0], [1, 2, 3], [4, 3, 2], [2, 3, 2], [2, 3, 2], [4, 2, 3], [1, 3, 2], [1, 1, 2], [4, 0, 1]] Fitness: 0.869751935356275

Gene: [[4, 3, 2], [0, 1, 0], [0, 1, 0], [2, 0, 1], [1, 3, 2], [1, 0, 1], [1, 0, 1], [5, 0, 1], [3, 0, 1], [3, 0, 1], [4, 1, 0], [3, 2, 3], [5, 2, 3], [3, 3, 2], [5, 2, 3], [2, 2, 3], [5, 2, 1], [2, 1, 0], [2, 3, 2], [4, 3, 2], [4, 1, 2], [5, 0, 1]] Fitness: 0.859440041056053

Gene: [[2, 1, 0], [0, 2, 3], [0, 0, 1], [3, 1, 2], [5, 0, 1], [5, 2, 1], [0, 2, 3], [2, 0, 1], [3, 2, 1], [5, 2, 1], [0, 2, 1], [0, 0, 1], [0, 1, 2], [5, 3, 2], [2, 3, 2], [1, 2, 1], [4, 0, 1], [0, 3, 2], [2, 2, 1], [5, 1, 2], [4, 1, 0], [0, 0, 1], [4, 3, 2]] Fitness: 0.8691129077853791

Gene: [[2, 2, 1], [0, 0, 1], [4, 2, 1], [0, 3, 2], [4, 3, 2], [4, 1, 0], [5, 0, 1], [2, 2, 1], [3, 2, 1], [5, 1, 2], [1, 3, 2], [4, 0, 1], [4, 1, 0], [5, 1, 0], [4, 2, 3], [2, 0, 1], [0, 2, 3], [3, 3, 2], [4, 3, 2], [1, 1, 2], [2, 0, 1], [2, 2, 3], [4, 2, 1], [5, 3, 2], [0, 2, 3], [1, 2, 1], [0, 2, 3], [5, 2, 1], [1, 1, 2], [4, 0, 1], [2, 3, 2], [2, 1, 0], [0, 1, 2], [1, 3, 2], [1, 1, 2]] Fitness: 0.8613878294529516

Gene: [[1, 0, 1], [2, 3, 2], [1, 3, 2], [0, 1, 0], [1, 1, 2], [1, 1, 2], [1, 1, 0], [1, 0, 1], [4, 1, 2], [1, 2, 1], [4, 3, 2], [1, 0, 1], [0, 2, 3], [3, 1, 0], [0, 1, 0], [5, 2, 1], [1, 0, 1], [4, 1, 2], [4, 1, 0], [1, 1, 2], [2, 1, 2], [4, 1, 0], [4, 3, 2], [0, 3, 2], [5, 1, 2], [2, 1, 2], [0, 1, 0], [3, 3, 2], [0, 2, 3], [4, 1, 0], [3, 3, 2]] Fitness: 0.849600276068327

Gene: [[2, 2, 3], [4, 2, 1], [4, 1, 0], [3, 0, 1], [1, 1, 2], [5, 2, 1], [3, 2, 1], [5, 3, 2], [4, 2, 3], [3, 2, 1], [3, 2, 1], [3, 1, 2], [5, 1, 2], [2, 2, 1], [4, 1, 2], [1, 2, 3], [5, 1, 0], [0, 1, 0], [2, 3, 2], [1, 1, 2], [2, 0, 1], [3, 1, 0], [3, 2, 3], [3, 1, 2], [5, 1, 2], [4, 0, 1], [5, 2, 1], [5, 1, 0], [0, 1, 2], [0, 3, 2], [0, 2, 3], [2, 0, 1], [1, 3, 2], [5, 1, 2]] Fitness: 0.8587892965139499

Gene: [[2, 2, 3], [4, 0, 1], [3, 2, 3], [1, 0, 1], [1, 2, 1], [3, 2, 3], [1, 3, 2], [2, 0, 1], [2, 1, 0], [2, 1, 0], [1, 1, 2], [1, 0, 1], [0, 2, 3], [1, 3, 2], [4, 3, 2], [4, 1, 2], [4, 2, 3], [1, 2, 3], [2, 1, 2], [0, 2, 3], [1, 2, 3], [0, 1, 2], [4, 1, 2], [0, 3, 2], [3, 1, 2], [5, 1, 0], [1, 2, 3], [4, 1, 2], [0, 2, 3], [5, 0, 1]] Fitness: 0.8710278263814416

Gene: [[4, 2, 1], [2, 2, 3], [5, 2, 1], [5, 0, 1], [1, 2, 3], [5, 1, 0], [3, 2, 3], [0, 0, 1], [0, 1, 0], [0, 2, 3], [3, 3, 2], [4, 1, 2], [5, 2, 3], [0, 2, 1], [4, 0, 1], [3, 2, 1], [0, 0, 1], [3, 2, 1], [0, 1, 0], [4, 1, 2], [2, 0, 1], [0, 2, 3], [4, 0, 1], [0, 1, 0], [0, 1, 0], [2, 2, 3], [4, 2, 1], [1, 2, 1], [0, 1, 2]] Fitness: 0.869751935356275

Gene: [[0, 0, 1], [2, 1, 2], [4, 1, 0], [5, 0, 1], [0, 3, 2], [4, 1, 2], [2, 3, 2], [1, 1, 0], [2, 2, 3], [3, 1, 2], [4, 1, 2], [4, 2, 1], [1, 1, 0], [3, 1, 2], [1, 1, 2], [5, 0, 1], [4, 0, 1], [5, 2, 3], [4, 2, 3], [3, 1, 2], [4, 0, 1], [3, 2, 3], [2, 0, 1], [5, 2, 3], [4, 0, 1], [2, 1, 2], [5, 2, 1], [3, 3, 2], [5, 2, 1], [2, 3, 2], [1, 3, 2], [2, 3, 2]] Fitness: 0.8646194017142532

Gene: [[4, 2, 1], [2, 3, 2], [1, 2, 1], [2, 3, 2], [2, 2, 3], [4, 2, 3], [2, 3, 2], [4, 3, 2], [5, 1, 2], [1, 2, 3], [0, 2, 1], [2, 2, 3], [3, 2, 3], [4, 1, 0], [2, 3, 2], [1, 3, 2], [3, 3, 2], [4, 2, 1], [2, 3, 2], [1, 3, 2], [5, 2, 3], [1, 2, 1], [0, 2, 3], [0, 1, 0], [3, 2, 3], [1, 2, 1], [0, 1, 2], [5, 2, 3], [3, 0, 1], [1, 1, 0], [3, 2, 3], [0, 1, 0], [5, 1, 2], [4, 3, 2], [0, 1, 0], [3, 1, 0], [3, 1, 0], [3, 1, 2], [1, 2, 3]] Fitness: 0.8671914821317324

Gene: [[2, 1, 0], [4, 1, 0], [1, 0, 1], [2, 1, 0], [3, 1, 0], [4, 1, 2], [4, 3, 2], [2, 2, 3], [2, 2, 3], [4, 2, 1], [4, 0, 1], [2, 2, 1], [3, 2, 1], [2, 2, 1], [4, 1, 2], [5, 2, 1], [4, 2, 1], [2, 3, 2], [0, 1, 2], [2, 2, 3], [0, 0, 1], [0, 2, 1], [4, 3, 2], [5, 2, 3], [1, 1, 2], [0, 2, 1], [3, 2, 3], [4, 1, 0], [2, 0, 1]] Fitness: 0.8665495551651838

Gene: [[2, 2, 1], [1, 1, 0], [4, 1, 2], [4, 2, 3], [3, 2, 1], [2, 0, 1], [0, 2, 3], [1, 1, 0], [0, 3, 2], [5, 2, 3], [1, 0, 1], [3, 0, 1], [0, 2, 1], [5, 0, 1], [1, 3, 2], [4, 1, 2], [1, 2, 3], [5, 0, 1], [0, 1, 0], [3, 2, 1], [0, 1, 0], [1, 1, 0], [1, 1, 0], [5, 2, 3], [1, 1, 0], [1, 2, 1], [4, 0, 1], [3, 1, 0], [2, 1, 0], [5, 1, 2], [4, 2, 3], [0, 1, 0], [1, 1, 0], [3, 3, 2], [0, 2, 3], [0, 3, 2]] Fitness: 0.8678326824022188

Gene: [[5, 2, 1], [3, 2, 3], [0, 2, 1], [1, 0, 1], [0, 0, 1], [1, 0, 1], [5, 0, 1], [1, 1, 0], [2, 1, 2], [2, 2, 3], [0, 2, 1], [3, 3, 2], [5, 0, 1], [1, 0, 1], [3, 2, 3], [2, 1, 0], [3, 1, 0], [1, 1, 2], [5, 0, 1], [3, 0, 1], [3, 2, 3], [3, 2, 1], [4, 2, 1], [1, 2, 1], [2, 0, 1], [1, 2, 3], [4, 2, 3], [3, 3, 2], [4, 0, 1], [0, 1, 0], [4, 1, 2], [1, 1, 2], [5, 1, 0], [2, 3, 2], [1, 0, 1], [1, 1, 0], [3, 3, 2], [2, 1, 2], [4, 1, 2], [1, 2, 3], [2, 1, 2], [2, 1, 2], [2, 3, 2]] Fitness: 0.8767338687033189

Gene: [[0, 2, 1], [1, 2, 3], [2, 1, 2], [2, 2, 3], [3, 1, 0], [1, 0, 1], [0, 3, 2], [0, 1, 0], [0, 3, 2], [1, 0, 1], [2, 3, 2], [0, 2, 3], [5, 2, 1], [5, 0, 1], [0, 2, 1], [0, 1, 0], [3, 1, 0], [4, 2, 1], [2, 2, 3], [5, 1, 2], [5, 2, 3], [0, 0, 1], [4, 3, 2], [1, 1, 2], [0, 0, 1], [3, 1, 0], [5, 1, 2], [4, 2, 3], [3, 2, 3], [5, 2, 3], [5, 1, 0], [2, 1, 2], [0, 1, 2], [0, 3, 2], [3, 1, 0], [0, 1, 2], [5, 2, 3], [2, 1, 0], [2, 1, 0], [4, 2, 3], [1, 1, 2], [5, 1, 2], [2, 2, 3], [5, 1, 2], [1, 3, 2]] Fitness: 0.8402620745636922

Gene: [[4, 0, 1], [2, 2, 1], [5, 3, 2], [4, 3, 2], [4, 2, 3], [0, 0, 1], [4, 3, 2], [2, 0, 1], [1, 1, 0], [0, 3, 2], [2, 2, 3], [1, 2, 3], [5, 1, 0], [5, 3, 2], [1, 1, 0], [0, 1, 2], [0, 2, 1], [5, 3, 2], [1, 1, 2], [3, 2, 3], [2, 3, 2], [4, 0, 1], [0, 2, 3], [4, 0, 1], [5, 2, 3], [0, 2, 1], [4, 1, 0], [1, 1, 2], [4, 0, 1], [2, 1, 0], [5, 3, 2], [3, 2, 3], [4, 0, 1], [4, 0, 1], [5, 3, 2], [5, 2, 1], [5, 3, 2], [4, 0, 1], [3, 2, 3], [1, 3, 2], [0, 2, 3], [5, 0, 1], [1, 2, 3], [4, 1, 0], [4, 1, 0], [0, 1, 0], [2, 1, 2], [3, 2, 3]] Fitness: 0.8779940539630897

Gene: [[5, 0, 1], [3, 2, 1], [4, 2, 3], [2, 2, 3], [4, 2, 3], [2, 3, 2], [2, 1, 0], [3, 1, 2], [5, 2, 1], [5, 1, 0], [4, 1, 0], [0, 0, 1], [5, 1, 2], [5, 2, 3], [4, 3, 2], [4, 1, 0], [3, 1, 0], [5, 0, 1], [0, 2, 1], [4, 1, 0], [2, 3, 2], [5, 0, 1], [2, 2, 3], [5, 1, 2], [0, 1, 0], [5, 0, 1], [0, 1, 0], [5, 3, 2], [4, 1, 2], [0, 2, 1], [4, 0, 1], [5, 0, 1], [2, 1, 2], [2, 2, 1], [5, 1, 0], [3, 2, 1], [5, 1, 0], [1, 2, 1], [0, 2, 3], [0, 1, 0], [2, 1, 0], [4, 2, 1], [0, 2, 3], [5, 1, 0], [5, 1, 0], [1, 2, 1], [4, 1, 2], [5, 2, 1], [2, 2, 3]] Fitness: 0.860090043882145

Gene: [[2, 1, 2], [1, 3, 2], [5, 0, 1], [4, 3, 2], [4, 2, 1], [4, 2, 3], [3, 2, 1], [0, 3, 2], [2, 2, 3], [4, 2, 1], [2, 1, 2], [1, 0, 1], [2, 2, 3], [3, 0, 1], [1, 0, 1], [0, 3, 2], [4, 2, 3], [3, 3, 2], [2, 3, 2], [0, 1, 2], [0, 1, 2], [4, 3, 2], [5, 1, 0], [4, 3, 2], [5, 2, 1], [3, 3, 2], [5, 1, 0], [4, 2, 3], [3, 0, 1], [1, 2, 3], [0, 3, 2], [0, 3, 2], [5, 2, 3], [2, 0, 1], [2, 1, 2], [5, 1, 0], [1, 0, 1], [3, 0, 1], [5, 1, 0], [1, 0, 1], [3, 0, 1], [5, 2, 1]] Fitness: 0.8581378089855569

Gene: [[2, 2, 1], [3, 3, 2], [1, 0, 1], [1, 0, 1], [0, 3, 2], [0, 1, 0], [3, 2, 3], [0, 3, 2], [4, 0, 1], [0, 0, 1], [0, 1, 0], [2, 0, 1], [4, 0, 1], [3, 3, 2], [2, 0, 1], [0, 0, 1], [1, 2, 3], [4, 2, 1], [3, 1, 2], [0, 1, 0], [5, 3, 2], [0, 0, 1], [4, 3, 2], [3, 1, 2], [1, 1, 2], [2, 1, 2], [2, 0, 1], [2, 1, 0], [2, 2, 1], [1, 2, 1], [0, 2, 3], [2, 0, 1], [5, 2, 3], [2, 0, 1], [4, 2, 1], [4, 2, 1], [3, 1, 2], [0, 1, 2], [1, 2, 3], [3, 3, 2], [0, 1, 2], [1, 2, 1], [4, 2, 3], [3, 0, 1], [1, 3, 2], [3, 0, 1], [4, 3, 2]] Fitness: 0.8671914821317324

Gene: [[2, 3, 2], [3, 0, 1], [1, 3, 2], [1, 0, 1], [4, 2, 3], [2, 2, 1], [4, 2, 1], [0, 2, 1], [1, 2, 1], [1, 0, 1], [0, 1, 2], [1, 0, 1], [5, 0, 1], [0, 2, 1], [4, 2, 3], [4, 0, 1], [0, 1, 2], [2, 3, 2], [3, 2, 1], [5, 0, 1], [3, 2, 3], [0, 2, 3], [1, 2, 1], [2, 1, 0], [4, 2, 3], [2, 2, 3], [3, 0, 1], [5, 1, 2], [4, 1, 0], [5, 3, 2], [4, 2, 1], [5, 1, 2], [1, 3, 2], [0, 1, 0], [0, 3, 2], [2, 2, 3], [0, 3, 2], [5, 0, 1], [5, 0, 1], [0, 1, 2], [5, 0, 1], [0, 3, 2], [1, 2, 3], [5, 2, 3], [1, 2, 3], [1, 2, 3], [3, 2, 3], [5, 0, 1], [1, 2, 3], [2, 0, 1], [5, 0, 1]] Fitness: 0.8742049867732312

Gene: [[1, 0, 1], [2, 1, 2], [4, 2, 1], [1, 2, 1], [4, 2, 1], [2, 1, 0], [2, 0, 1], [2, 2, 3], [5, 2, 1], [5, 3, 2], [5, 3, 2], [5, 0, 1], [2, 0, 1], [0, 1, 0], [2, 3, 2], [5, 2, 3], [0, 2, 3], [5, 2, 1], [3, 3, 2], [5, 2, 3], [4, 1, 2], [0, 1, 0], [5, 2, 1], [5, 0, 1], [4, 3, 2], [4, 1, 0], [2, 1, 2], [5, 2, 1], [5, 2, 3], [2, 1, 2], [0, 2, 3], [4, 2, 3], [1, 1, 2], [5, 2, 1], [4, 1, 2], [2, 0, 1], [1, 1, 0], [3, 1, 0], [1, 2, 3], [5, 1, 2], [3, 2, 1], [3, 1, 2], [1, 2, 3]] Fitness: 0.871664692277317

Gene: [[0, 2, 1], [1, 0, 1], [1, 0, 1], [2, 2, 1], [0, 2, 1], [2, 0, 1], [3, 2, 3], [1, 2, 1], [4, 2, 1], [5, 1, 0], [0, 0, 1], [3, 0, 1], [1, 2, 3], [4, 2, 1], [0, 3, 2], [5, 3, 2], [4, 3, 2], [4, 3, 2], [4, 3, 2], [1, 3, 2], [2, 0, 1], [1, 0, 1], [0, 3, 2], [3, 2, 1], [0, 2, 1], [5, 0, 1], [2, 0, 1], [3, 0, 1], [4, 0, 1], [4, 3, 2], [2, 0, 1], [5, 2, 1], [2, 2, 1], [3, 1, 2], [4, 2, 3], [3, 0, 1], [3, 1, 2], [2, 2, 1], [3, 0, 1], [2, 2, 1], [3, 1, 2], [3, 1, 2], [5, 1, 2], [2, 2, 1], [5, 1, 2], [5, 0, 1], [0, 0, 1], [0, 0, 1], [2, 1, 2]] Fitness: 0.8786230868419578

Gene: [[2, 3, 2], [2, 2, 3], [1, 2, 1], [3, 2, 3], [2, 1, 2], [0, 1, 0], [2, 1, 2], [4, 0, 1], [3, 0, 1], [0, 2, 3], [3, 2, 3], [4, 1, 2], [0, 0, 1], [0, 2, 1], [4, 1, 0], [3, 1, 0], [3, 2, 3], [2, 0, 1], [4, 2, 1], [3, 3, 2], [4, 1, 2], [2, 2, 1], [3, 1, 0], [5, 2, 1], [1, 3, 2], [0, 0, 1], [4, 1, 2], [4, 2, 3], [2, 2, 3], [1, 2, 3], [5, 3, 2], [1, 2, 1], [1, 2, 3], [3, 3, 2], [1, 3, 2], [4, 2, 1], [2, 3, 2], [5, 1, 2], [4, 2, 3], [5, 1, 0], [0, 0, 1], [4, 0, 1], [3, 1, 0], [4, 1, 0]] Fitness: 0.8633289765300903

Gene: [[3, 2, 1], [0, 3, 2], [3, 0, 1], [5, 2, 3], [5, 2, 1], [0, 2, 1], [3, 3, 2], [5, 1, 2], [5, 1, 2], [3, 2, 3], [5, 2, 1], [0, 2, 1], [2, 0, 1], [2, 1, 2], [0, 1, 2], [0, 2, 1], [1, 0, 1], [4, 0, 1], [1, 0, 1], [4, 3, 2], [2, 2, 1], [2, 0, 1], [4, 2, 3], [2, 0, 1], [4, 2, 1], [0, 0, 1], [5, 1, 2], [5, 1, 0], [4, 2, 3], [5, 3, 2], [2, 0, 1], [3, 2, 3], [2, 3, 2], [0, 1, 2], [4, 0, 1], [1, 1, 0], [5, 2, 1], [5, 1, 2], [0, 2, 1], [0, 2, 1], [2, 3, 2], [3, 0, 1], [4, 0, 1], [5, 3, 2], [5, 0, 1], [2, 0, 1]] Fitness: 0.8665495551651838

Gene: [[4, 1, 0], [0, 3, 2], [4, 2, 3], [4, 1, 0], [4, 2, 3], [4, 2, 3], [3, 2, 1], [1, 0, 1], [5, 1, 0], [0, 3, 2], [1, 3, 2], [3, 2, 1], [4, 1, 2], [5, 1, 2], [5, 1, 0], [1, 1, 0], [2, 2, 1], [3, 2, 3], [0, 2, 1], [1, 2, 1], [1, 2, 3], [1, 1, 0], [1, 3, 2], [1, 2, 3], [2, 0, 1], [1, 1, 0], [4, 2, 1], [5, 1, 0], [5, 1, 0], [4, 1, 0], [1, 2, 3], [3, 2, 1], [4, 3, 2], [4, 0, 1], [3, 2, 3], [5, 1, 2], [2, 3, 2], [5, 1, 0], [3, 0, 1], [4, 3, 2], [5, 1, 0]] Fitness: 0.8735709860899927

Gene: [[3, 1, 2], [3, 1, 2], [3, 0, 1], [5, 2, 1], [5, 2, 3], [3, 0, 1], [0, 2, 1], [2, 1, 2], [2, 1, 0], [5, 1, 2], [2, 2, 3], [3, 2, 3], [2, 0, 1], [4, 2, 3], [4, 0, 1], [2, 1, 0], [2, 1, 2], [4, 1, 2], [1, 0, 1], [4, 0, 1], [2, 3, 2], [3, 1, 2], [2, 1, 0], [3, 0, 1], [2, 2, 1], [0, 2, 3], [5, 0, 1], [1, 2, 1], [2, 2, 1], [5, 1, 2], [5, 3, 2], [0, 1, 0], [0, 2, 3], [0, 1, 0], [2, 1, 0], [1, 2, 3], [5, 2, 3], [0, 2, 1], [4, 2, 3], [3, 0, 1], [3, 1, 2], [4, 0, 1], [3, 0, 1], [1, 1, 2], [4, 2, 3], [0, 3, 2], [0, 2, 3], [5, 2, 3], [2, 1, 0], [2, 1, 2], [2, 2, 1], [0, 1, 0], [0, 2, 1]] Fitness: 0.8767338687033189

Gene: [[5, 0, 1], [5, 0, 1], [4, 0, 1], [4, 2, 1], [2, 1, 2], [2, 2, 3], [2, 3, 2], [0, 1, 2], [5, 0, 1], [0, 2, 3], [4, 3, 2], [0, 2, 3], [4, 0, 1], [0, 0, 1], [4, 2, 1], [4, 2, 1], [0, 1, 2], [4, 1, 0], [5, 0, 1], [0, 1, 2], [0, 1, 0], [3, 1, 0], [5, 1, 2], [3, 1, 0], [1, 1, 2], [3, 1, 0], [5, 3, 2], [4, 1, 0], [0, 3, 2], [2, 3, 2], [3, 3, 2], [1, 2, 3], [1, 0, 1], [1, 3, 2], [4, 0, 1], [5, 1, 2], [3, 2, 1], [3, 2, 1], [5, 0, 1], [4, 3, 2], [1, 3, 2], [0, 2, 3], [1, 3, 2], [2, 2, 1], [5, 0, 1], [5, 3, 2], [0, 2, 3], [5, 2, 1], [0, 2, 3], [3, 2, 1], [4, 1, 2], [5, 1, 2]] Fitness: 0.8767338687033189

Gene: [[2, 0, 1], [5, 1, 0], [5, 1, 0], [4, 1, 0], [2, 3, 2], [4, 0, 1], [0, 3, 2], [1, 0, 1], [3, 2, 3], [0, 2, 3], [0, 2, 1], [5, 1, 0], [2, 0, 1], [5, 0, 1], [2, 0, 1], [1, 2, 3], [1, 2, 1], [0, 3, 2], [1, 1, 2], [3, 2, 3], [4, 3, 2], [2, 1, 2], [2, 1, 2], [3, 2, 3], [1, 1, 2], [0, 1, 0], [1, 2, 1], [1, 1, 0], [3, 0, 1], [5, 0, 1], [5, 1, 0], [1, 0, 1], [5, 1, 2], [2, 3, 2], [3, 0, 1], [3, 3, 2], [0, 3, 2], [2, 3, 2], [1, 0, 1], [0, 3, 2], [3, 0, 1], [4, 1, 0], [4, 2, 1], [1, 0, 1], [5, 1, 0], [3, 2, 3], [4, 1, 0], [1, 2, 1], [3, 1, 2], [3, 2, 1], [5, 1, 0], [3, 3, 2]] Fitness: 0.8678326824022189

Gene: [[4, 2, 1], [4, 2, 1], [2, 1, 0], [4, 0, 1], [5, 1, 0], [2, 1, 0], [5, 1, 2], [0, 1, 0], [3, 2, 1], [1, 3, 2], [4, 0, 1], [3, 0, 1], [5, 0, 1], [4, 2, 3], [5, 2, 1], [5, 2, 3], [4, 0, 1], [0, 1, 0], [1, 2, 3], [0, 2, 3], [5, 3, 2], [2, 3, 2], [4, 1, 2], [1, 3, 2], [3, 2, 3], [2, 3, 2], [1, 1, 2], [4, 0, 1], [1, 3, 2], [2, 3, 2], [3, 3, 2], [1, 0, 1], [0, 2, 1], [2, 1, 2], [3, 2, 3], [2, 2, 1], [5, 1, 2], [4, 1, 0], [1, 3, 2], [3, 1, 0], [3, 2, 3], [3, 0, 1], [0, 3, 2], [3, 2, 3], [3, 2, 1], [2, 2, 1], [4, 2, 3], [3, 3, 2], [2, 1, 2], [3, 3, 2], [0, 0, 1], [2, 2, 1]] Fitness: 0.8652635161967436

Gene: [[2, 1, 0], [2, 1, 0], [2, 1, 2], [5, 0, 1], [2, 1, 2], [2, 1, 2], [2, 1, 2], [4, 1, 2], [1, 1, 0], [0, 2, 3], [2, 0, 1], [2, 0, 1], [3, 2, 1], [5, 1, 2], [3, 2, 1], [0, 0, 1], [0, 2, 1], [0, 1, 0], [5, 1, 2], [1, 2, 1], [2, 1, 2], [2, 0, 1], [2, 2, 1], [2, 2, 1], [5, 2, 3], [4, 3, 2], [0, 2, 3], [3, 3, 2], [3, 3, 2], [0, 2, 1], [5, 3, 2], [1, 2, 1], [5, 2, 3], [5, 0, 1], [5, 2, 3], [3, 2, 1], [2, 2, 3], [5, 1, 2], [5, 3, 2], [2, 2, 3], [0, 0, 1], [3, 2, 1], [3, 2, 1], [5, 1, 0]] Fitness: 0.883006645445915

Gene: [[4, 2, 1], [4, 0, 1], [3, 0, 1], [3, 1, 2], [5, 2, 3], [2, 2, 1], [5, 3, 2], [4, 3, 2], [3, 2, 1], [2, 1, 0], [5, 1, 2], [4, 2, 1], [3, 2, 1], [3, 1, 2], [5, 0, 1], [0, 1, 0], [3, 2, 3], [0, 2, 1], [5, 3, 2], [5, 0, 1], [2, 2, 1], [2, 0, 1], [3, 1, 2], [5, 1, 0], [5, 1, 0], [0, 0, 1], [3, 2, 1], [3, 1, 2], [2, 1, 0], [4, 0, 1], [0, 2, 1], [1, 1, 2], [0, 0, 1], [3, 1, 0], [0, 1, 2], [1, 3, 2], [3, 2, 3], [5, 2, 1], [3, 0, 1], [2, 0, 1], [2, 0, 1], [4, 2, 3], [4, 2, 1], [0, 1, 0], [0, 2, 1], [5, 3, 2], [0, 1, 2], [2, 3, 2], [2, 0, 1], [5, 2, 3], [0, 1, 0]] Fitness: 0.8691129077853791

Gene: [[0, 0, 1], [4, 2, 1], [2, 1, 0], [4, 2, 1], [1, 1, 0], [5, 0, 1], [3, 0, 1], [1, 2, 1], [4, 1, 2], [0, 3, 2], [3, 2, 3], [5, 1, 0], [2, 2, 1], [2, 2, 1], [5, 2, 1], [1, 3, 2], [0, 2, 1], [0, 2, 1], [4, 1, 0], [5, 0, 1], [4, 3, 2], [4, 0, 1], [0, 2, 1], [0, 2, 1], [1, 2, 1], [2, 2, 1], [0, 0, 1], [5, 2, 3], [1, 2, 3], [2, 2, 1], [0, 0, 1], [3, 2, 3], [2, 1, 2], [2, 0, 1], [2, 2, 3], [2, 2, 1], [4, 2, 1], [0, 0, 1], [3, 0, 1], [1, 2, 1], [4, 1, 2], [5, 1, 2], [3, 0, 1], [4, 2, 3], [1, 2, 1], [4, 3, 2], [3, 0, 1], [5, 1, 0], [2, 0, 1]] Fitness: 0.8542132096007332

Gene: [[1, 1, 0], [3, 1, 0], [5, 0, 1], [2, 3, 2], [1, 1, 2], [0, 0, 1], [4, 2, 3], [4, 1, 0], [3, 0, 1], [2, 1, 2], [2, 1, 2], [2, 1, 0], [5, 0, 1], [5, 0, 1], [1, 0, 1], [3, 1, 0], [4, 1, 2], [0, 2, 3], [2, 2, 3], [5, 1, 2], [2, 0, 1], [1, 2, 1], [1, 0, 1], [4, 2, 1], [2, 1, 0], [2, 0, 1], [4, 1, 0], [3, 2, 3], [3, 1, 0], [0, 2, 3], [5, 2, 1], [5, 3, 2], [1, 1, 0], [2, 2, 3], [3, 3, 2], [5, 2, 3], [3, 1, 0], [0, 2, 1], [4, 1, 0], [3, 2, 1], [4, 1, 2], [5, 3, 2], [2, 2, 1], [3, 3, 2], [1, 0, 1], [4, 1, 2], [0, 0, 1], [2, 2, 3], [4, 2, 1], [3, 1, 0], [1, 1, 0], [4, 1, 0], [4, 2, 1], [5, 1, 0], [1, 1, 0], [1, 3, 2], [1, 2, 3], [3, 0, 1], [0, 3, 2]] Fitness: 0.8748382741744951

Gene: [[5, 2, 3], [4, 1, 2], [5, 3, 2], [5, 1, 2], [4, 1, 2], [0, 1, 0], [0, 2, 3], [2, 1, 2], [2, 2, 1], [0, 0, 1], [0, 2, 3], [2, 0, 1], [1, 2, 1], [4, 2, 3], [5, 3, 2], [0, 2, 1], [5, 2, 3], [4, 2, 1], [0, 1, 2], [2, 1, 2], [5, 1, 0], [5, 2, 3], [2, 3, 2], [3, 1, 0], [2, 1, 2], [0, 2, 1], [5, 3, 2], [1, 2, 1], [2, 2, 1], [5, 1, 0], [5, 1, 2], [5, 1, 0], [0, 1, 2], [5, 3, 2], [4, 2, 3], [5, 3, 2], [4, 2, 1], [5, 2, 1], [0, 1, 0], [2, 1, 2], [2, 1, 2], [5, 2, 1], [2, 2, 3], [5, 3, 2], [3, 2, 3], [0, 1, 0], [5, 3, 2], [2, 2, 3], [5, 0, 1], [2, 2, 1], [4, 2, 3], [0, 3, 2], [1, 1, 2], [2, 1, 2], [4, 0, 1], [5, 1, 0], [5, 0, 1], [1, 2, 1]] Fitness: 0.8659069002664853

Gene: [[4, 0, 1], [1, 1, 0], [4, 2, 1], [4, 2, 1], [2, 0, 1], [1, 1, 2], [0, 1, 2], [2, 0, 1], [2, 0, 1], [5, 2, 3], [3, 1, 2], [3, 0, 1], [0, 2, 3], [3, 0, 1], [2, 0, 1], [1, 2, 3], [2, 2, 1], [0, 2, 1], [3, 0, 1], [1, 0, 1], [5, 2, 1], [1, 2, 3], [5, 0, 1], [5, 1, 2], [4, 0, 1], [4, 1, 2], [2, 0, 1], [5, 0, 1], [0, 1, 0], [4, 1, 2], [0, 2, 3], [0, 2, 1], [3, 1, 0], [2, 3, 2], [5, 1, 2], [5, 1, 0], [5, 3, 2], [2, 2, 1], [5, 1, 0], [5, 2, 1], [5, 0, 1], [5, 1, 2], [3, 2, 1], [2, 0, 1], [3, 1, 0], [5, 1, 0], [0, 2, 1], [5, 1, 2], [5, 2, 3], [4, 3, 2], [4, 0, 1], [4, 0, 1], [5, 1, 2]] Fitness: 0.871664692277317

Gene: [[1, 1, 2], [1, 1, 0], [5, 1, 0], [1, 0, 1], [1, 1, 2], [1, 0, 1], [4, 3, 2], [3, 2, 1], [5, 1, 0], [1, 3, 2], [5, 3, 2], [5, 3, 2], [2, 1, 2], [4, 0, 1], [4, 1, 0], [3, 0, 1], [1, 2, 3], [5, 1, 0], [4, 2, 3], [2, 3, 2], [4, 1, 2], [2, 0, 1], [4, 2, 3], [1, 0, 1], [5, 2, 3], [2, 1, 0], [0, 2, 1], [3, 1, 0], [5, 1, 2], [5, 2, 1], [0, 2, 1], [0, 2, 1], [1, 0, 1], [4, 3, 2], [2, 0, 1], [2, 0, 1], [5, 2, 3], [5, 0, 1], [1, 2, 1], [1, 1, 0], [4, 1, 0], [3, 1, 0], [0, 2, 1], [0, 2, 1], [0, 3, 2], [2, 1, 2], [3, 1, 0], [1, 1, 0], [5, 0, 1], [0, 3, 2], [0, 0, 1], [1, 0, 1], [4, 1, 0], [2, 1, 0], [2, 0, 1], [4, 3, 2]] Fitness: 0.8626826633308694

Gene: [[5, 2, 3], [3, 0, 1], [3, 0, 1], [1, 2, 3], [3, 0, 1], [2, 2, 1], [2, 2, 1], [4, 3, 2], [4, 3, 2], [2, 2, 3], [3, 1, 2], [5, 1, 0], [3, 0, 1], [3, 1, 2], [2, 3, 2], [0, 0, 1], [3, 1, 2], [5, 0, 1], [1, 2, 3], [4, 0, 1], [0, 1, 0], [4, 2, 1], [5, 2, 3], [2, 1, 0], [1, 0, 1], [1, 3, 2], [1, 3, 2], [5, 0, 1], [0, 0, 1], [0, 1, 0], [2, 1, 2], [5, 1, 0], [1, 2, 3], [3, 1, 2], [0, 3, 2], [3, 1, 0], [2, 1, 0], [3, 1, 0], [1, 0, 1], [0, 1, 2], [4, 2, 1], [3, 1, 2], [5, 1, 0], [1, 3, 2], [5, 2, 3], [1, 2, 1], [3, 1, 0]] Fitness: 0.8735709860899927

Gene: [[3, 2, 1], [4, 2, 3], [3, 3, 2], [4, 1, 0], [3, 2, 1], [4, 2, 1], [4, 1, 0], [3, 0, 1], [2, 3, 2], [4, 3, 2], [3, 2, 1], [2, 0, 1], [2, 1, 2], [3, 2, 1], [2, 0, 1], [5, 1, 2], [0, 2, 3], [3, 2, 1], [1, 0, 1], [5, 1, 2], [3, 1, 2], [4, 2, 1], [1, 1, 2], [3, 0, 1], [3, 2, 1], [1, 1, 2], [3, 1, 0], [3, 3, 2], [5, 2, 3], [1, 1, 2], [1, 0, 1], [3, 2, 3], [0, 3, 2], [4, 1, 0], [5, 3, 2], [2, 3, 2], [4, 2, 1], [1, 1, 2], [0, 3, 2], [3, 0, 1], [2, 1, 2], [4, 1, 2], [0, 1, 0], [3, 1, 0], [0, 1, 0], [0, 0, 1], [5, 3, 2], [0, 2, 1], [0, 2, 1], [4, 3, 2], [5, 1, 2], [2, 3, 2], [4, 2, 3], [3, 0, 1], [5, 1, 0], [1, 1, 2], [4, 1, 2], [5, 1, 2], [1, 2, 3], [1, 2, 1], [1, 2, 1], [0, 0, 1], [4, 1, 0], [4, 0, 1], [4, 0, 1], [1, 2, 1], [1, 1, 2], [3, 0, 1], [4, 1, 2]] Fitness: 0.8691129077853791

Gene: [[0, 1, 0], [0, 3, 2], [4, 1, 0], [2, 0, 1], [2, 3, 2], [0, 1, 0], [2, 1, 2], [3, 2, 3], [4, 1, 0], [5, 2, 3], [2, 1, 2], [1, 3, 2], [5, 2, 3], [2, 1, 2], [0, 1, 0], [5, 2, 3], [1, 2, 1], [1, 2, 3], [2, 1, 2], [2, 0, 1], [4, 0, 1], [3, 2, 3], [1, 2, 3], [1, 2, 3], [2, 1, 0], [4, 1, 0], [1, 2, 3], [2, 1, 2], [2, 2, 3], [3, 1, 2], [3, 2, 3], [0, 1, 2], [4, 2, 1], [0, 0, 1], [2, 1, 0], [1, 1, 2], [2, 0, 1], [1, 2, 1], [4, 1, 2], [0, 1, 0], [3, 2, 3], [1, 3, 2], [1, 2, 3], [2, 2, 3], [2, 1, 2], [2, 1, 2], [0, 1, 0], [0, 0, 1], [5, 1, 2], [5, 2, 3], [2, 0, 1], [2, 0, 1], [2, 2, 1], [1, 3, 2], [4, 2, 3], [5, 1, 2], [2, 1, 2], [2, 0, 1], [4, 2, 3], [3, 1, 0], [0, 3, 2], [5, 3, 2], [1, 3, 2], [3, 2, 3], [5, 1, 2], [2, 2, 3], [1, 1, 0], [3, 2, 3], [1, 1, 2], [1, 3, 2], [2, 0, 1], [1, 2, 3], [2, 2, 3]] Fitness: 0.8691129077853791

Gene: [[1, 3, 2], [3, 0, 1], [5, 2, 3], [0, 3, 2], [1, 2, 1], [3, 1, 2], [5, 1, 0], [3, 3, 2], [2, 1, 2], [5, 2, 1], [1, 2, 1], [1, 0, 1], [3, 2, 1], [2, 0, 1], [4, 1, 2], [3, 2, 1], [2, 3, 2], [1, 1, 0], [3, 2, 1], [0, 2, 3], [1, 0, 1], [0, 2, 1], [2, 1, 2], [0, 1, 0], [3, 1, 0], [3, 2, 1], [1, 1, 0], [5, 1, 2], [3, 1, 2], [0, 3, 2], [5, 2, 3], [0, 0, 1], [0, 3, 2], [4, 0, 1], [1, 0, 1], [1, 1, 0], [2, 1, 0], [2, 3, 2], [3, 1, 2], [2, 2, 1], [3, 0, 1], [5, 3, 2], [3, 2, 1], [2, 2, 3], [1, 0, 1], [4, 1, 2], [3, 2, 3], [2, 1, 2], [1, 3, 2], [1, 0, 1], [3, 1, 2], [2, 3, 2], [0, 0, 1], [0, 2, 1], [4, 1, 2], [1, 2, 3], [4, 1, 0], [2, 3, 2], [2, 3, 2]] Fitness: 0.8659069002664852

Gene: [[2, 1, 0], [3, 2, 3], [0, 1, 2], [5, 2, 1], [3, 3, 2], [0, 0, 1], [5, 2, 1], [5, 3, 2], [1, 3, 2], [5, 2, 1], [0, 3, 2], [3, 2, 3], [5, 0, 1], [1, 3, 2], [3, 3, 2], [3, 1, 2], [4, 1, 2], [3, 1, 0], [0, 1, 0], [2, 1, 0], [2, 1, 0], [2, 0, 1], [1, 3, 2], [1, 3, 2], [1, 2, 3], [5, 3, 2], [1, 3, 2], [0, 1, 2], [4, 1, 0], [4, 1, 0], [2, 3, 2], [3, 1, 2], [1, 2, 3], [2, 2, 3], [2, 3, 2], [3, 2, 3], [5, 0, 1], [1, 2, 3], [3, 1, 2], [2, 0, 1], [0, 1, 2], [3, 2, 3], [3, 1, 0], [0, 2, 3], [1, 0, 1], [3, 3, 2], [3, 1, 2], [5, 2, 1], [4, 1, 2], [3, 2, 3], [5, 0, 1], [0, 3, 2], [4, 2, 1], [5, 0, 1], [4, 1, 2], [1, 1, 2], [0, 2, 1], [2, 0, 1], [5, 0, 1], [5, 2, 3], [1, 1, 2], [2, 2, 3], [1, 2, 3], [1, 2, 3], [1, 2, 3], [1, 1, 2], [0, 2, 3], [1, 1, 2], [0, 3, 2], [1, 2, 3], [1, 2, 3], [5, 2, 1], [0, 0, 1], [1, 2, 3], [1, 2, 3], [4, 1, 0]] Fitness: 0.8773643149800752

Gene: [[2, 2, 1], [1, 0, 1], [1, 0, 1], [0, 1, 0], [5, 1, 0], [4, 2, 1], [0, 3, 2], [5, 0, 1], [0, 0, 1], [3, 3, 2], [5, 1, 0], [0, 1, 2], [1, 0, 1], [4, 0, 1], [0, 2, 1], [5, 2, 1], [2, 2, 3], [2, 3, 2], [4, 2, 1], [1, 2, 3], [0, 3, 2], [1, 1, 0], [2, 1, 2], [4, 2, 1], [5, 1, 0], [3, 2, 1], [1, 2, 1], [1, 2, 1], [0, 1, 0], [5, 2, 1], [2, 1, 2], [3, 2, 1], [1, 0, 1], [4, 2, 1], [5, 1, 2], [4, 2, 1], [5, 2, 1], [1, 0, 1], [1, 1, 0], [4, 1, 0], [0, 3, 2], [5, 0, 1], [1, 0, 1], [2, 0, 1], [2, 1, 0], [4, 1, 2], [1, 1, 0], [4, 2, 1], [3, 2, 1], [2, 1, 2], [5, 2, 1], [0, 1, 2], [3, 0, 1], [5, 1, 0], [4, 3, 2], [3, 0, 1], [0, 2, 3], [2, 2, 1], [1, 2, 1], [1, 1, 0], [1, 1, 0], [0, 1, 0], [1, 0, 1], [1, 2, 1], [4, 1, 2], [2, 2, 3]] Fitness: 0.8633289765300903

Gene: [[2, 1, 0], [5, 0, 1], [4, 0, 1], [4, 2, 3], [1, 2, 1], [2, 2, 3], [1, 0, 1], [3, 3, 2], [0, 2, 3], [3, 3, 2], [4, 2, 1], [2, 1, 0], [4, 1, 2], [4, 0, 1], [3, 1, 0], [3, 1, 2], [0, 1, 0], [3, 1, 0], [0, 1, 2], [5, 3, 2], [4, 0, 1], [2, 2, 1], [3, 3, 2], [5, 0, 1], [1, 0, 1], [2, 3, 2], [4, 0, 1], [5, 3, 2], [4, 3, 2], [0, 0, 1], [3, 1, 0], [0, 1, 0], [4, 2, 1], [1, 0, 1], [2, 1, 0], [5, 1, 0], [2, 0, 1], [0, 1, 0], [3, 3, 2], [3, 0, 1], [5, 0, 1], [1, 3, 2], [2, 1, 0], [0, 1, 0], [4, 0, 1], [5, 1, 2], [3, 1, 2], [5, 1, 2], [1, 1, 2], [0, 3, 2], [4, 2, 3], [1, 3, 2], [5, 3, 2], [0, 3, 2], [4, 1, 0], [4, 2, 3], [4, 0, 1], [0, 0, 1], [4, 1, 2], [2, 0, 1], [4, 2, 1], [2, 1, 0], [1, 0, 1], [1, 1, 0], [5, 0, 1], [0, 0, 1], [3, 0, 1]] Fitness: 0.8723008400518689

Gene: [[3, 1, 0], [5, 3, 2], [5, 0, 1], [5, 0, 1], [5, 0, 1], [5, 1, 2], [1, 1, 2], [3, 1, 0], [3, 3, 2], [3, 3, 2], [4, 2, 3], [0, 2, 3], [5, 1, 0], [0, 1, 0], [4, 2, 1], [4, 1, 2], [4, 0, 1], [4, 2, 1], [0, 2, 3], [3, 1, 2], [1, 2, 1], [1, 2, 3], [5, 0, 1], [5, 3, 2], [3, 3, 2], [4, 2, 3], [5, 1, 0], [3, 1, 2], [3, 2, 3], [4, 2, 3], [5, 0, 1], [4, 2, 3], [3, 2, 1], [0, 2, 3], [0, 3, 2], [2, 2, 3], [0, 2, 3], [4, 0, 1], [0, 3, 2], [3, 3, 2], [3, 2, 3], [3, 2, 3], [4, 2, 1], [3, 1, 2], [5, 2, 1], [2, 2, 3], [2, 0, 1], [4, 2, 3], [3, 0, 1], [0, 1, 2], [1, 1, 2], [3, 1, 2], [2, 3, 2], [5, 0, 1], [2, 1, 0], [5, 1, 0], [3, 2, 1], [1, 1, 2], [1, 1, 0], [3, 1, 2], [5, 1, 0], [3, 2, 3], [2, 2, 3], [0, 1, 2], [3, 2, 1], [0, 2, 1], [1, 0, 1], [3, 1, 2], [1, 2, 3], [5, 1, 0], [4, 1, 0], [1, 1, 0], [3, 2, 1], [1, 1, 0], [1, 1, 0], [3, 2, 1], [5, 0, 1], [0, 1, 0], [5, 1, 0], [1, 1, 0], [3, 1, 0], [4, 0, 1], [0, 1, 2], [3, 2, 1], [1, 3, 2]] Fitness: 0.8574855771976924

Gene: [[0, 3, 2], [4, 1, 2], [5, 1, 2], [5, 2, 3], [0, 3, 2], [1, 0, 1], [4, 1, 2], [0, 0, 1], [1, 0, 1], [1, 3, 2], [3, 0, 1], [1, 1, 0], [5, 2, 3], [1, 2, 1], [1, 1, 2], [2, 1, 0], [4, 2, 3], [0, 2, 3], [0, 1, 0], [2, 2, 3], [1, 1, 2], [1, 2, 1], [1, 3, 2], [4, 1, 2], [2, 3, 2], [2, 1, 2], [4, 2, 1], [5, 2, 3], [0, 3, 2], [2, 3, 2], [5, 2, 3], [5, 0, 1], [4, 2, 1], [4, 1, 0], [5, 2, 3], [3, 2, 3], [2, 3, 2], [4, 1, 0], [5, 3, 2], [0, 2, 3], [3, 0, 1], [3, 2, 1], [5, 0, 1], [3, 1, 0], [5, 1, 0], [5, 1, 0], [2, 2, 1], [1, 2, 1], [0, 3, 2], [0, 1, 2], [3, 0, 1], [0, 1, 0], [2, 1, 0], [3, 0, 1], [3, 2, 3], [2, 2, 3], [5, 2, 3], [5, 1, 0], [2, 1, 0], [1, 1, 2], [5, 2, 3], [2, 0, 1], [2, 2, 3], [3, 0, 1], [3, 1, 0], [3, 2, 3], [5, 0, 1], [0, 3, 2], [5, 2, 3], [5, 2, 3], [4, 1, 0], [3, 0, 1], [2, 1, 2], [4, 1, 2], [5, 1, 0], [3, 3, 2], [2, 2, 3], [5, 2, 1], [5, 2, 1], [0, 3, 2]] Fitness: 0.8665495551651838

Gene: [[1, 2, 3], [2, 1, 0], [3, 3, 2], [3, 3, 2], [3, 2, 3], [1, 3, 2], [3, 2, 3], [2, 1, 2], [3, 2, 1], [2, 1, 0], [4, 0, 1], [2, 1, 0], [1, 0, 1], [2, 1, 0], [2, 1, 0], [3, 3, 2], [3, 2, 3], [4, 2, 3], [4, 0, 1], [3, 1, 2], [3, 3, 2], [3, 1, 2], [2, 1, 2], [5, 2, 3], [0, 0, 1], [2, 2, 3], [3, 1, 0], [1, 2, 3], [3, 3, 2], [1, 2, 1], [4, 3, 2], [2, 0, 1], [1, 2, 3], [3, 3, 2], [2, 3, 2], [2, 0, 1], [3, 3, 2], [0, 1, 2], [4, 2, 3], [2, 2, 1], [1, 2, 1], [3, 2, 3], [3, 2, 1], [4, 2, 1], [5, 2, 1], [5, 1, 0], [5, 1, 2], [3, 1, 0], [1, 2, 1], [1, 2, 3], [3, 2, 1], [4, 1, 0], [3, 2, 1], [4, 3, 2], [3, 2, 1], [4, 0, 1], [2, 1, 0], [1, 2, 1], [5, 0, 1], [1, 2, 3], [1, 3, 2], [5, 2, 3], [5, 2, 1], [4, 2, 3], [4, 0, 1], [1, 2, 1], [3, 2, 1]] Fitness: 0.8823825222104262

Gene: [[4, 3, 2], [4, 3, 2], [0, 1, 2], [3, 3, 2], [4, 3, 2], [2, 2, 1], [5, 2, 3], [5, 1, 2], [3, 3, 2], [3, 3, 2], [5, 2, 3], [5, 0, 1], [4, 2, 1], [5, 3, 2], [2, 2, 1], [0, 0, 1], [2, 3, 2], [1, 0, 1], [5, 0, 1], [0, 1, 2], [0, 1, 0], [1, 0, 1], [4, 2, 1], [4, 2, 3], [2, 2, 1], [3, 3, 2], [5, 0, 1], [5, 1, 0], [1, 0, 1], [0, 1, 2], [3, 3, 2], [3, 2, 1], [4, 2, 3], [4, 2, 3], [5, 1, 0], [5, 0, 1], [5, 3, 2], [2, 2, 1], [1, 2, 3], [1, 2, 1], [4, 0, 1], [5, 3, 2], [0, 1, 0], [5, 3, 2], [5, 1, 2], [1, 0, 1], [1, 2, 1], [0, 1, 2], [0, 2, 3], [0, 2, 1], [5, 1, 2], [5, 2, 1], [1, 0, 1], [4, 3, 2], [5, 1, 2], [0, 2, 3], [1, 2, 1], [2, 3, 2], [3, 1, 0], [5, 2, 3], [4, 1, 2], [0, 2, 1], [2, 3, 2], [5, 2, 3]] Fitness: 0.8798790390323122

Gene: [[4, 2, 3], [0, 1, 0], [0, 2, 3], [0, 3, 2], [5, 0, 1], [0, 1, 0], [5, 1, 0], [2, 2, 1], [5, 1, 2], [3, 0, 1], [3, 1, 2], [2, 2, 3], [3, 2, 1], [4, 2, 3], [4, 3, 2], [5, 0, 1], [4, 2, 1], [2, 0, 1], [2, 2, 1], [5, 3, 2], [2, 2, 1], [5, 1, 2], [1, 0, 1], [1, 3, 2], [1, 1, 0], [1, 1, 2], [2, 0, 1], [5, 2, 3], [1, 0, 1], [3, 3, 2], [5, 2, 3], [4, 1, 2], [0, 2, 3], [1, 2, 3], [2, 3, 2], [5, 1, 0], [4, 2, 1], [1, 3, 2], [5, 1, 0], [0, 1, 2], [3, 2, 1], [2, 1, 0], [5, 1, 2], [3, 2, 3], [3, 2, 3], [5, 2, 1], [4, 2, 3], [5, 2, 1], [0, 2, 1], [1, 2, 1], [4, 3, 2], [3, 1, 2], [3, 3, 2], [1, 2, 1], [4, 2, 3], [1, 1, 2], [4, 1, 2], [1, 0, 1], [3, 1, 2], [1, 2, 1], [0, 2, 3], [2, 0, 1], [4, 1, 0], [4, 2, 3], [2, 0, 1], [4, 0, 1], [5, 2, 1], [0, 1, 2], [1, 1, 2], [4, 1, 2]] Fitness: 0.8652635161967436

Gene: [[5, 0, 1], [1, 2, 3], [0, 3, 2], [0, 0, 1], [4, 1, 0], [2, 0, 1], [1, 2, 3], [1, 3, 2], [4, 2, 1], [1, 3, 2], [4, 3, 2], [1, 3, 2], [2, 2, 1], [1, 2, 3], [4, 0, 1], [4, 2, 3], [4, 2, 3], [2, 2, 1], [0, 0, 1], [4, 2, 1], [1, 3, 2], [3, 2, 1], [4, 2, 3], [3, 2, 1], [1, 1, 2], [4, 1, 0], [4, 2, 3], [0, 0, 1], [1, 3, 2], [0, 1, 2], [4, 1, 0], [3, 2, 3], [3, 1, 2], [3, 2, 3], [2, 0, 1], [1, 0, 1], [4, 2, 1], [4, 1, 2], [4, 2, 3], [4, 1, 0], [1, 2, 3], [4, 1, 2], [3, 2, 3], [3, 2, 3], [4, 2, 1], [4, 1, 0], [1, 1, 0], [3, 1, 2], [4, 0, 1], [4, 1, 0], [1, 2, 3], [0, 1, 2], [0, 2, 3], [4, 0, 1], [4, 0, 1], [0, 1, 0], [0, 1, 2], [4, 2, 1], [3, 2, 1], [0, 2, 1], [3, 2, 1], [1, 2, 3], [3, 2, 1], [3, 1, 2], [0, 2, 1], [0, 1, 0], [2, 2, 1], [4, 1, 0], [4, 2, 3]] Fitness: 0.8665495551651838

Gene: [[3, 0, 1], [3, 2, 1], [0, 0, 1], [3, 2, 1], [1, 2, 3], [1, 3, 2], [3, 3, 2], [1, 1, 2], [2, 3, 2], [1, 2, 1], [0, 2, 3], [4, 3, 2], [1, 2, 1], [0, 2, 3], [0, 0, 1], [3, 2, 3], [0, 2, 3], [3, 0, 1], [4, 2, 3], [2, 1, 2], [4, 3, 2], [4, 1, 2], [5, 1, 2], [1, 2, 1], [0, 0, 1], [4, 3, 2], [1, 3, 2], [5, 0, 1], [1, 1, 2], [5, 0, 1], [1, 3, 2], [4, 2, 3], [1, 3, 2], [5, 0, 1], [1, 2, 1], [5, 1, 0], [3, 2, 3], [0, 2, 1], [0, 0, 1], [1, 2, 3], [4, 2, 1], [0, 2, 3], [3, 1, 2], [4, 2, 3], [1, 2, 1], [3, 3, 2], [5, 2, 3], [3, 1, 2], [0, 2, 3], [2, 3, 2], [0, 2, 3], [0, 2, 3], [5, 1, 0], [4, 0, 1], [3, 0, 1], [5, 1, 2], [1, 2, 1], [4, 3, 2], [3, 2, 1], [3, 2, 3], [0, 2, 1], [3, 2, 1], [3, 1, 2], [3, 2, 1], [5, 1, 2], [2, 2, 3], [4, 2, 1], [1, 1, 0], [5, 2, 3], [3, 1, 0], [5, 1, 2]] Fitness: 0.8710278263814416

Gene: [[1, 0, 1], [3, 0, 1], [5, 0, 1], [4, 2, 3], [1, 1, 2], [3, 2, 3], [4, 3, 2], [2, 2, 1], [2, 0, 1], [4, 0, 1], [1, 3, 2], [3, 0, 1], [4, 2, 1], [0, 3, 2], [5, 0, 1], [5, 2, 3], [4, 0, 1], [4, 1, 2], [3, 2, 3], [1, 1, 0], [2, 2, 3], [1, 2, 1], [3, 2, 1], [5, 0, 1], [3, 2, 3], [4, 2, 1], [5, 1, 0], [4, 2, 1], [0, 1, 0], [3, 1, 2], [2, 2, 1], [1, 1, 0], [5, 0, 1], [2, 1, 0], [3, 1, 0], [2, 2, 1], [1, 0, 1], [5, 1, 0], [5, 0, 1], [1, 3, 2], [3, 1, 0], [4, 2, 1], [1, 1, 2], [4, 3, 2], [3, 1, 2], [4, 3, 2], [4, 1, 2], [5, 0, 1], [1, 0, 1], [1, 3, 2], [1, 3, 2], [4, 2, 1], [5, 1, 0], [4, 2, 1], [4, 3, 2], [4, 3, 2]] Fitness: 0.8703902411475687

Gene: [[2, 0, 1], [4, 3, 2], [2, 0, 1], [4, 3, 2], [5, 2, 3], [1, 1, 0], [2, 0, 1], [5, 0, 1], [4, 3, 2], [2, 3, 2], [2, 2, 3], [1, 2, 3], [1, 3, 2], [1, 0, 1], [1, 0, 1], [5, 2, 3], [1, 3, 2], [4, 1, 0], [2, 2, 3], [2, 1, 0], [5, 0, 1], [5, 0, 1], [4, 1, 0], [1, 0, 1], [2, 1, 0], [2, 1, 2], [0, 3, 2], [5, 0, 1], [5, 1, 0], [1, 0, 1], [2, 2, 3], [2, 0, 1], [3, 1, 0], [4, 2, 3], [2, 0, 1], [4, 1, 0], [2, 1, 2], [5, 1, 2], [2, 1, 2], [0, 0, 1], [2, 2, 1], [4, 1, 0], [0, 1, 2], [4, 1, 0], [0, 3, 2], [4, 2, 3], [4, 1, 0], [3, 1, 2], [4, 2, 1], [2, 3, 2], [0, 2, 1], [4, 2, 1], [5, 1, 2], [2, 0, 1], [2, 2, 1], [2, 2, 3], [5, 1, 2], [4, 2, 3], [0, 1, 2], [0, 1, 2], [1, 0, 1], [0, 1, 2], [2, 2, 1], [5, 0, 1], [4, 3, 2]] Fitness: 0.8786230868419578

Gene: [[3, 2, 3], [0, 3, 2], [3, 1, 0], [3, 2, 3], [3, 2, 1], [1, 0, 1], [4, 2, 1], [1, 2, 1], [5, 1, 0], [3, 2, 3], [4, 3, 2], [2, 1, 0], [1, 2, 1], [2, 0, 1], [2, 2, 3], [4, 2, 3], [2, 3, 2], [4, 1, 0], [4, 2, 3], [2, 1, 0], [3, 1, 0], [5, 2, 1], [0, 2, 3], [0, 1, 0], [0, 2, 1], [0, 0, 1], [3, 0, 1], [0, 3, 2], [4, 2, 3], [4, 2, 1], [5, 2, 3], [0, 3, 2], [0, 0, 1], [5, 3, 2], [4, 3, 2], [0, 0, 1], [1, 2, 1], [5, 2, 3], [4, 3, 2], [3, 3, 2], [1, 2, 1], [1, 2, 1], [5, 1, 0], [1, 1, 2], [0, 2, 1], [2, 0, 1], [4, 1, 0], [0, 0, 1], [4, 1, 2], [0, 0, 1], [5, 2, 3], [4, 2, 1], [0, 3, 2], [0, 0, 1], [0, 0, 1], [0, 0, 1], [2, 0, 1], [0, 2, 1], [0, 3, 2], [5, 2, 1], [5, 3, 2], [5, 3, 2], [4, 2, 1], [0, 2, 1], [2, 2, 1], [4, 1, 0], [1, 1, 2], [2, 1, 0], [5, 3, 2], [2, 0, 1], [4, 1, 0], [4, 2, 3], [5, 2, 1], [2, 1, 0], [3, 1, 2], [1, 1, 0]] Fitness: 0.871664692277317

Gene: [[4, 1, 0], [0, 2, 3], [4, 2, 3], [4, 2, 3], [0, 0, 1], [3, 1, 0], [4, 2, 3], [4, 2, 3], [1, 3, 2], [1, 2, 3], [3, 2, 3], [3, 0, 1], [2, 2, 1], [4, 2, 3], [1, 3, 2], [5, 1, 2], [5, 3, 2], [0, 3, 2], [4, 2, 1], [1, 1, 2], [0, 3, 2], [5, 3, 2], [2, 2, 1], [0, 3, 2], [0, 0, 1], [4, 2, 3], [5, 0, 1], [1, 2, 3], [1, 2, 3], [4, 2, 1], [3, 1, 2], [0, 2, 1], [4, 2, 3], [1, 1, 2], [1, 2, 3], [1, 3, 2], [1, 2, 3], [1, 2, 3], [3, 1, 2], [2, 0, 1], [1, 2, 3], [5, 1, 2], [2, 0, 1], [4, 1, 0], [3, 2, 1], [1, 3, 2], [5, 1, 2], [3, 1, 2], [5, 0, 1], [1, 2, 1], [1, 2, 3], [4, 3, 2], [2, 0, 1], [0, 2, 1], [3, 2, 3], [2, 2, 3], [1, 3, 2], [1, 3, 2], [0, 2, 1], [3, 0, 1], [0, 0, 1], [3, 1, 0], [5, 1, 0], [3, 1, 0], [4, 1, 0], [0, 2, 1], [1, 1, 2], [1, 2, 1], [3, 0, 1], [1, 2, 1], [4, 3, 2], [0, 3, 2], [3, 0, 1], [3, 1, 0], [2, 2, 1]] Fitness: 0.8767338687033189

Gene: [[0, 2, 3], [3, 2, 3], [1, 2, 1], [4, 2, 1], [3, 3, 2], [0, 2, 3], [5, 3, 2], [5, 1, 0], [0, 1, 2], [5, 2, 3], [5, 1, 0], [2, 1, 0], [5, 2, 3], [5, 0, 1], [1, 2, 3], [2, 2, 3], [0, 2, 3], [4, 1, 0], [1, 1, 2], [5, 1, 2], [1, 2, 3], [3, 3, 2], [4, 2, 3], [2, 0, 1], [4, 1, 0], [4, 1, 2], [1, 2, 3], [2, 0, 1], [0, 2, 3], [0, 3, 2], [0, 1, 0], [4, 1, 0], [5, 1, 0], [1, 0, 1], [0, 3, 2], [1, 1, 2], [5, 1, 0], [3, 3, 2], [5, 2, 3], [1, 0, 1], [5, 3, 2], [3, 2, 3], [3, 2, 1], [1, 0, 1], [2, 1, 0], [5, 3, 2], [4, 2, 1], [3, 3, 2], [0, 2, 1], [0, 2, 3], [3, 2, 3], [4, 2, 3], [1, 2, 3], [5, 2, 3], [4, 3, 2], [1, 1, 2], [1, 0, 1], [0, 2, 1], [0, 2, 1], [4, 3, 2], [1, 0, 1], [5, 1, 0], [5, 1, 0], [1, 2, 3], [3, 1, 2], [1, 1, 2], [3, 1, 2], [1, 2, 1], [2, 2, 3], [5, 2, 3], [2, 1, 0], [4, 1, 2], [4, 1, 2], [3, 1, 0], [2, 2, 3], [0, 2, 3], [5, 1, 2], [3, 2, 3], [2, 1, 0], [4, 3, 2], [1, 0, 1], [3, 2, 3], [4, 3, 2], [4, 0, 1], [0, 3, 2], [4, 1, 2], [2, 2, 3], [3, 3, 2], [0, 2, 3], [1, 1, 2], [1, 1, 0], [3, 3, 2]] Fitness: 0.8626826633308695

Gene: [[1, 2, 3], [2, 1, 2], [0, 1, 0], [2, 1, 2], [3, 0, 1], [2, 1, 2], [2, 2, 3], [1, 0, 1], [3, 1, 0], [0, 0, 1], [5, 2, 1], [5, 1, 0], [3, 0, 1], [1, 0, 1], [3, 1, 0], [4, 1, 0], [3, 1, 0], [3, 2, 3], [3, 3, 2], [1, 1, 0], [2, 1, 2], [4, 3, 2], [5, 1, 0], [4, 0, 1], [4, 1, 2], [0, 2, 3], [1, 1, 0], [1, 2, 1], [0, 2, 3], [3, 2, 3], [2, 1, 2], [5, 3, 2], [2, 1, 2], [1, 1, 0], [2, 2, 1], [5, 3, 2], [2, 3, 2], [1, 2, 1], [3, 2, 3], [3, 2, 1], [3, 2, 1], [0, 2, 3], [0, 2, 3], [5, 2, 1], [3, 1, 0], [1, 2, 1], [4, 1, 2], [2, 1, 0], [5, 1, 0], [1, 2, 3], [2, 2, 1], [3, 1, 0], [5, 0, 1], [3, 1, 0], [2, 2, 3], [3, 2, 3], [3, 2, 1], [5, 2, 1], [4, 1, 2], [3, 2, 3], [2, 1, 2], [2, 2, 1], [0, 1, 0], [0, 1, 0], [5, 2, 3], [1, 1, 2], [1, 2, 1], [2, 3, 2], [1, 1, 2], [5, 1, 0], [3, 2, 1], [0, 1, 0], [1, 0, 1], [2, 3, 2]] Fitness: 0.8748382741744951

Gene: [[2, 2, 3], [5, 3, 2], [5, 0, 1], [2, 2, 3], [5, 1, 0], [4, 1, 2], [4, 1, 2], [1, 2, 1], [3, 3, 2], [5, 1, 2], [4, 1, 0], [5, 2, 1], [1, 3, 2], [2, 1, 2], [4, 2, 3], [2, 2, 1], [3, 1, 0], [3, 1, 2], [2, 2, 1], [4, 2, 3], [4, 2, 3], [1, 2, 1], [5, 0, 1], [1, 3, 2], [5, 3, 2], [2, 1, 0], [4, 2, 3], [5, 0, 1], [3, 2, 3], [3, 1, 2], [5, 3, 2], [0, 2, 3], [5, 1, 2], [3, 2, 3], [1, 0, 1], [1, 0, 1], [5, 2, 1], [2, 3, 2], [0, 2, 3], [5, 0, 1], [2, 0, 1], [4, 3, 2], [1, 2, 1], [2, 1, 0], [3, 1, 0], [2, 0, 1], [5, 3, 2], [4, 3, 2], [2, 3, 2], [2, 0, 1], [5, 2, 3], [5, 0, 1], [3, 2, 3], [2, 0, 1], [3, 2, 3], [2, 0, 1], [5, 2, 3], [5, 0, 1], [5, 1, 2], [5, 2, 1], [5, 2, 3], [4, 0, 1], [5, 3, 2], [0, 2, 1], [0, 2, 1]] Fitness: 0.8786230868419578

Gene: [[1, 3, 2], [2, 0, 1], [0, 3, 2], [5, 1, 0], [0, 1, 2], [4, 2, 1], [5, 1, 0], [3, 2, 3], [4, 1, 0], [2, 2, 3], [2, 1, 2], [3, 1, 2], [0, 3, 2], [0, 3, 2], [0, 1, 2], [1, 1, 0], [0, 2, 3], [0, 2, 3], [5, 1, 2], [1, 1, 2], [5, 0, 1], [2, 2, 3], [0, 3, 2], [0, 0, 1], [2, 2, 3], [4, 2, 1], [4, 2, 1], [2, 0, 1], [3, 2, 1], [2, 2, 3], [0, 2, 3], [2, 1, 2], [1, 1, 0], [2, 2, 3], [3, 1, 0], [0, 2, 3], [3, 2, 3], [0, 2, 3], [0, 0, 1], [1, 1, 0], [3, 2, 3], [3, 2, 3], [0, 0, 1], [1, 1, 0], [3, 2, 1], [2, 2, 3], [2, 1, 2], [0, 1, 2], [0, 3, 2], [3, 2, 3], [3, 1, 0], [0, 0, 1], [5, 0, 1], [1, 2, 1], [1, 1, 0], [5, 0, 1], [5, 3, 2], [5, 0, 1], [5, 1, 0], [3, 2, 1], [0, 1, 0], [1, 1, 2], [2, 2, 1], [1, 1, 2], [0, 1, 2], [1, 1, 2], [3, 1, 0], [5, 0, 1], [0, 0, 1], [0, 2, 3], [0, 2, 3], [2, 1, 2], [4, 2, 3], [1, 3, 2], [1, 1, 0], [4, 2, 1], [3, 2, 1], [0, 2, 3], [5, 0, 1], [4, 1, 0], [0, 0, 1], [0, 0, 1], [4, 2, 3], [4, 2, 3], [4, 2, 3], [3, 2, 3], [1, 2, 1]] Fitness: 0.869751935356275

Gene: [[4, 2, 3], [0, 0, 1], [4, 2, 1], [0, 1, 2], [5, 1, 2], [4, 1, 2], [1, 1, 2], [0, 1, 2], [0, 0, 1], [0, 0, 1], [4, 2, 1], [1, 0, 1], [2, 0, 1], [3, 1, 0], [1, 0, 1], [3, 2, 3], [3, 0, 1], [1, 0, 1], [4, 2, 3], [2, 1, 2], [1, 0, 1], [3, 0, 1], [4, 2, 1], [2, 2, 1], [0, 1, 2], [4, 2, 1], [5, 2, 3], [5, 2, 3], [3, 2, 3], [0, 0, 1], [3, 3, 2], [4, 2, 1], [3, 1, 0], [4, 2, 1], [4, 3, 2], [4, 3, 2], [4, 2, 1], [4, 2, 1], [3, 2, 3], [2, 1, 2], [1, 3, 2], [1, 0, 1], [3, 2, 3], [2, 1, 0], [4, 2, 1], [3, 2, 1], [5, 0, 1], [1, 0, 1], [5, 2, 3], [0, 0, 1], [4, 2, 1], [5, 1, 0], [1, 0, 1], [0, 0, 1], [4, 3, 2], [3, 1, 0], [2, 2, 3], [5, 1, 0], [3, 1, 2], [3, 1, 0], [3, 0, 1], [5, 1, 2], [5, 1, 0], [3, 0, 1], [1, 0, 1], [5, 2, 3], [0, 3, 2], [0, 2, 1], [5, 3, 2], [1, 0, 1], [5, 1, 0], [4, 2, 3], [3, 1, 2], [0, 2, 1], [0, 2, 1], [5, 1, 0], [3, 2, 3], [5, 0, 1], [3, 2, 1], [4, 1, 2], [3, 2, 3], [0, 3, 2], [1, 1, 0], [4, 3, 2], [1, 2, 3], [2, 1, 2], [1, 0, 1], [2, 2, 3], [2, 2, 1], [1, 3, 2], [0, 2, 3], [1, 1, 0], [1, 0, 1], [4, 2, 1], [4, 2, 1], [5, 1, 2]] Fitness: 0.8678326824022188

Gene: [[0, 1, 2], [2, 0, 1], [2, 3, 2], [1, 3, 2], [4, 2, 3], [4, 2, 3], [1, 2, 3], [1, 2, 3], [4, 1, 0], [5, 2, 1], [2, 2, 1], [5, 3, 2], [3, 2, 1], [2, 1, 2], [1, 2, 3], [3, 2, 3], [3, 1, 2], [5, 3, 2], [2, 0, 1], [3, 1, 2], [3, 2, 1], [4, 2, 1], [0, 2, 1], [1, 3, 2], [3, 2, 1], [3, 1, 2], [4, 2, 3], [1, 2, 1], [3, 2, 3], [5, 2, 1], [2, 3, 2], [1, 1, 2], [0, 2, 1], [2, 0, 1], [2, 0, 1], [3, 1, 2], [3, 1, 0], [5, 2, 1], [2, 0, 1], [4, 1, 0], [3, 1, 2], [2, 1, 0], [2, 1, 0], [1, 0, 1], [2, 0, 1], [5, 2, 3], [3, 3, 2], [0, 2, 1], [1, 2, 3], [1, 0, 1], [3, 3, 2], [1, 3, 2], [1, 0, 1], [4, 1, 0], [2, 0, 1], [2, 0, 1], [2, 0, 1], [2, 2, 1], [2, 0, 1], [0, 3, 2], [1, 2, 1], [1, 1, 0], [3, 1, 2], [0, 2, 1], [1, 2, 1], [5, 2, 1], [1, 2, 3], [1, 3, 2], [4, 1, 0], [0, 1, 0], [4, 0, 1], [2, 0, 1], [4, 2, 3], [2, 0, 1], [0, 3, 2], [2, 3, 2], [2, 0, 1], [5, 3, 2], [0, 2, 1], [0, 1, 0], [3, 1, 2], [4, 3, 2], [0, 2, 1], [4, 2, 3], [0, 2, 1], [4, 0, 1]] Fitness: 0.8779940539630897

Gene: [[0, 2, 1], [5, 2, 3], [2, 0, 1], [2, 2, 1], [0, 1, 2], [1, 0, 1], [2, 2, 1], [1, 1, 0], [5, 2, 3], [5, 1, 2], [4, 0, 1], [3, 3, 2], [1, 1, 2], [1, 2, 3], [3, 1, 2], [0, 2, 1], [0, 2, 1], [4, 3, 2], [3, 2, 1], [0, 3, 2], [3, 3, 2], [3, 2, 1], [5, 1, 0], [2, 1, 0], [0, 1, 0], [1, 1, 0], [1, 1, 2], [0, 3, 2], [3, 3, 2], [4, 1, 0], [3, 1, 0], [0, 3, 2], [2, 1, 2], [4, 0, 1], [1, 0, 1], [5, 0, 1], [2, 0, 1], [0, 2, 3], [1, 1, 2], [0, 2, 3], [4, 1, 2], [5, 1, 0], [5, 0, 1], [2, 0, 1], [3, 2, 3], [1, 2, 3], [0, 2, 1], [4, 0, 1], [0, 3, 2], [3, 0, 1], [0, 2, 3], [2, 0, 1], [0, 2, 1], [4, 1, 2], [3, 2, 1], [0, 2, 3], [3, 2, 3], [0, 0, 1], [0, 1, 2], [2, 2, 3], [2, 1, 2], [0, 3, 2], [3, 2, 1], [1, 0, 1], [4, 2, 3], [0, 1, 2], [0, 3, 2], [3, 2, 1], [4, 1, 2], [5, 1, 2], [4, 1, 0], [4, 0, 1]] Fitness: 0.8748382741744951

Gene: [[0, 2, 3], [4, 2, 1], [0, 0, 1], [5, 1, 0], [0, 2, 3], [0, 0, 1], [1, 2, 1], [3, 2, 1], [4, 0, 1], [0, 1, 2], [3, 2, 3], [3, 2, 3], [1, 0, 1], [5, 3, 2], [5, 2, 1], [1, 2, 1], [5, 3, 2], [4, 2, 3], [2, 1, 0], [0, 1, 2], [2, 2, 1], [1, 0, 1], [1, 3, 2], [4, 2, 3], [5, 3, 2], [5, 3, 2], [1, 0, 1], [0, 1, 0], [2, 0, 1], [0, 1, 2], [5, 0, 1], [2, 1, 0], [5, 3, 2], [5, 1, 2], [3, 0, 1], [0, 2, 3], [5, 3, 2], [3, 2, 3], [2, 3, 2], [2, 2, 3], [2, 3, 2], [0, 2, 1], [0, 2, 3], [1, 0, 1], [3, 1, 2], [0, 3, 2], [4, 2, 3], [5, 1, 2], [0, 2, 1], [3, 0, 1], [5, 0, 1], [1, 2, 1], [4, 0, 1], [5, 1, 2], [2, 1, 2], [4, 0, 1], [1, 2, 1], [1, 2, 1], [0, 3, 2], [0, 1, 2], [5, 1, 2], [2, 2, 3], [3, 2, 1], [2, 2, 3], [5, 1, 2], [1, 0, 1], [2, 1, 2], [2, 2, 3], [0, 1, 2]] Fitness: 0.871664692277317

Gene: [[0, 3, 2], [3, 1, 2], [4, 0, 1], [1, 1, 0], [2, 0, 1], [0, 3, 2], [5, 2, 3], [5, 2, 3], [0, 0, 1], [2, 0, 1], [0, 1, 2], [2, 0, 1], [4, 1, 2], [0, 0, 1], [4, 3, 2], [1, 1, 0], [1, 0, 1], [1, 1, 0], [4, 0, 1], [1, 2, 1], [0, 1, 2], [0, 2, 3], [0, 3, 2], [0, 3, 2], [5, 1, 0], [1, 1, 0], [5, 2, 1], [5, 0, 1], [3, 1, 2], [0, 2, 3], [4, 1, 2], [2, 2, 3], [5, 0, 1], [0, 2, 3], [0, 2, 1], [5, 1, 2], [3, 3, 2], [5, 1, 2], [5, 3, 2], [3, 1, 2], [0, 2, 1], [3, 2, 3], [4, 2, 1], [4, 2, 1], [4, 3, 2], [4, 0, 1], [1, 0, 1], [0, 3, 2], [5, 0, 1], [3, 1, 2], [4, 1, 2], [2, 2, 1], [0, 0, 1], [3, 0, 1], [5, 0, 1], [3, 2, 1], [1, 0, 1], [4, 1, 0], [0, 3, 2], [0, 2, 3], [4, 2, 1], [0, 3, 2], [5, 0, 1], [4, 0, 1], [5, 2, 3], [5, 1, 2], [0, 2, 3], [4, 1, 2], [0, 3, 2], [4, 3, 2]] Fitness: 0.8729362709190286

Gene: [[2, 3, 2], [2, 0, 1], [4, 1, 0], [3, 2, 1], [1, 0, 1], [4, 3, 2], [4, 3, 2], [2, 2, 1], [5, 0, 1], [1, 2, 1], [0, 0, 1], [0, 1, 2], [1, 3, 2], [5, 3, 2], [2, 1, 2], [2, 2, 1], [2, 1, 2], [4, 3, 2], [0, 1, 2], [1, 2, 3], [3, 3, 2], [3, 3, 2], [2, 2, 3], [4, 2, 3], [4, 2, 1], [3, 3, 2], [1, 3, 2], [3, 3, 2], [3, 2, 1], [0, 3, 2], [3, 1, 0], [1, 0, 1], [5, 0, 1], [1, 2, 3], [4, 3, 2], [4, 0, 1], [0, 2, 3], [0, 0, 1], [3, 3, 2], [2, 1, 0], [1, 2, 1], [3, 0, 1], [4, 2, 1], [2, 0, 1], [5, 3, 2], [3, 1, 0], [4, 3, 2], [3, 3, 2], [2, 3, 2], [3, 2, 3], [4, 2, 1], [2, 3, 2], [3, 1, 0], [0, 2, 3], [3, 1, 0], [2, 1, 2], [3, 3, 2], [3, 1, 0], [2, 2, 1], [3, 0, 1], [3, 2, 1], [1, 1, 0], [4, 0, 1], [3, 1, 0], [5, 3, 2], [2, 2, 3], [3, 1, 0]] Fitness: 0.8729362709190286

Gene: [[3, 2, 1], [1, 1, 0], [2, 2, 3], [2, 3, 2], [1, 1, 0], [2, 2, 3], [2, 3, 2], [4, 0, 1], [2, 1, 0], [4, 0, 1], [4, 2, 1], [4, 2, 1], [0, 0, 1], [1, 1, 0], [3, 1, 2], [0, 2, 3], [0, 1, 0], [0, 1, 0], [1, 1, 0], [1, 0, 1], [1, 1, 2], [2, 0, 1], [4, 1, 2], [5, 3, 2], [1, 3, 2], [1, 2, 3], [4, 2, 1], [2, 3, 2], [1, 2, 3], [1, 2, 1], [2, 1, 0], [0, 3, 2], [5, 0, 1], [5, 2, 1], [0, 3, 2], [2, 3, 2], [0, 2, 3], [2, 3, 2], [1, 1, 2], [4, 0, 1], [1, 1, 0], [5, 3, 2], [1, 3, 2], [5, 2, 1], [4, 3, 2], [4, 2, 1], [5, 2, 1], [5, 0, 1], [5, 2, 1], [1, 2, 1], [1, 1, 0], [0, 0, 1], [1, 2, 3], [0, 2, 3], [1, 2, 1], [0, 1, 0], [1, 0, 1], [3, 2, 1], [1, 2, 3], [1, 1, 0], [5, 1, 2], [4, 2, 1], [1, 1, 0], [0, 0, 1]] Fitness: 0.871664692277317

Gene: [[1, 2, 1], [2, 1, 0], [1, 2, 1], [4, 0, 1], [2, 2, 3], [5, 3, 2], [1, 2, 1], [2, 2, 3], [2, 2, 3], [4, 1, 0], [1, 2, 1], [4, 1, 0], [1, 1, 2], [4, 1, 0], [4, 1, 0], [0, 1, 0], [1, 1, 2], [3, 0, 1], [5, 1, 2], [2, 3, 2], [4, 1, 0], [4, 3, 2], [3, 2, 3], [2, 2, 3], [0, 1, 2], [1, 2, 3], [5, 0, 1], [2, 2, 3], [1, 2, 1], [2, 1, 0], [2, 1, 2], [1, 3, 2], [2, 0, 1], [4, 2, 1], [2, 3, 2], [1, 2, 1], [5, 2, 1], [0, 0, 1], [1, 2, 1], [0, 1, 2], [0, 3, 2], [0, 1, 2], [0, 3, 2], [4, 3, 2], [5, 1, 0], [3, 2, 3], [1, 2, 1], [0, 2, 1], [0, 2, 1], [5, 3, 2], [5, 2, 3], [4, 1, 0], [0, 0, 1], [1, 2, 1], [4, 2, 3], [4, 0, 1], [0, 2, 1], [1, 2, 1], [1, 2, 1], [1, 1, 2], [1, 2, 1], [0, 0, 1], [3, 0, 1], [1, 2, 1], [4, 1, 2], [0, 0, 1], [4, 3, 2], [1, 3, 2], [0, 2, 3], [0, 2, 1], [2, 2, 3], [1, 2, 1], [2, 0, 1], [0, 1, 0], [4, 2, 1], [5, 1, 2], [0, 1, 2], [1, 1, 0], [4, 0, 1]] Fitness: 0.8773643149800752

Gene: [[1, 0, 1], [2, 2, 1], [2, 2, 3], [2, 2, 3], [3, 2, 3], [2, 0, 1], [1, 1, 0], [1, 1, 0], [4, 2, 3], [3, 0, 1], [4, 2, 3], [1, 2, 1], [5, 3, 2], [2, 2, 3], [1, 2, 3], [4, 2, 1], [2, 1, 0], [0, 2, 1], [5, 1, 2], [3, 3, 2], [2, 3, 2], [0, 2, 1], [2, 2, 1], [5, 1, 2], [0, 2, 3], [0, 2, 1], [0, 2, 3], [1, 3, 2], [3, 2, 3], [1, 2, 1], [3, 2, 3], [0, 2, 1], [5, 3, 2], [5, 1, 2], [2, 2, 1], [0, 2, 1], [1, 0, 1], [2, 0, 1], [1, 2, 3], [1, 3, 2], [3, 3, 2], [2, 2, 3], [2, 2, 3], [5, 2, 3], [2, 1, 0], [2, 3, 2], [3, 2, 3], [4, 2, 1], [1, 2, 3], [4, 2, 1], [4, 0, 1], [2, 2, 3], [4, 3, 2], [3, 2, 3], [1, 2, 3], [5, 2, 1], [4, 2, 1], [1, 1, 2], [4, 3, 2], [2, 0, 1], [1, 2, 1], [3, 2, 1], [5, 2, 3], [3, 2, 3], [3, 2, 3], [3, 2, 3], [0, 2, 1], [4, 2, 1], [1, 1, 0], [0, 3, 2], [2, 2, 3], [5, 1, 0], [2, 3, 2], [3, 3, 2], [2, 1, 2], [3, 2, 3], [1, 3, 2], [3, 2, 3], [4, 2, 1], [2, 0, 1], [1, 1, 2], [2, 3, 2], [2, 0, 1], [2, 0, 1], [3, 2, 3]] Fitness: 0.8633289765300903

Gene: [[0, 1, 2], [5, 3, 2], [1, 1, 2], [4, 2, 1], [3, 2, 3], [2, 1, 0], [2, 3, 2], [1, 1, 2], [0, 0, 1], [0, 3, 2], [5, 3, 2], [2, 2, 3], [0, 3, 2], [5, 3, 2], [2, 2, 1], [1, 0, 1], [1, 2, 1], [5, 0, 1], [4, 3, 2], [3, 1, 0], [3, 3, 2], [1, 0, 1], [0, 2, 1], [1, 1, 0], [1, 3, 2], [2, 3, 2], [4, 3, 2], [5, 2, 3], [4, 2, 1], [1, 3, 2], [5, 2, 3], [2, 1, 0], [1, 0, 1], [1, 1, 0], [5, 0, 1], [1, 3, 2], [3, 0, 1], [3, 2, 3], [4, 0, 1], [5, 2, 1], [0, 2, 1], [3, 3, 2], [1, 2, 1], [0, 1, 0], [1, 1, 2], [1, 2, 3], [3, 1, 2], [3, 2, 1], [2, 2, 1], [1, 2, 3], [1, 0, 1], [5, 0, 1], [2, 3, 2], [3, 3, 2], [2, 1, 0], [5, 0, 1], [0, 2, 3], [0, 1, 0], [5, 3, 2], [2, 3, 2], [0, 3, 2], [1, 0, 1], [4, 2, 1], [0, 1, 2], [5, 2, 3], [3, 0, 1], [2, 3, 2], [3, 1, 2], [2, 2, 1], [1, 2, 1], [5, 0, 1], [0, 1, 2], [1, 2, 1], [0, 1, 0], [2, 2, 1], [1, 2, 1], [1, 0, 1], [5, 2, 3], [2, 2, 1], [0, 2, 3], [1, 2, 1], [2, 3, 2], [0, 2, 1], [0, 3, 2]] Fitness: 0.8735709860899927

Gene: [[3, 3, 2], [2, 2, 1], [4, 0, 1], [4, 2, 1], [1, 0, 1], [5, 2, 1], [5, 1, 2], [3, 0, 1], [2, 1, 0], [0, 2, 3], [0, 0, 1], [2, 1, 0], [5, 1, 0], [2, 2, 1], [4, 3, 2], [4, 0, 1], [3, 3, 2], [0, 3, 2], [4, 0, 1], [1, 2, 3], [1, 1, 2], [0, 2, 3], [3, 1, 2], [4, 1, 2], [2, 2, 1], [4, 0, 1], [0, 3, 2], [3, 2, 3], [4, 2, 1], [0, 1, 2], [2, 0, 1], [0, 0, 1], [4, 0, 1], [0, 2, 1], [3, 2, 3], [3, 2, 3], [1, 1, 2], [0, 2, 1], [2, 0, 1], [3, 2, 3], [0, 3, 2], [0, 2, 1], [2, 1, 2], [0, 3, 2], [2, 2, 1], [0, 1, 0], [0, 3, 2], [5, 2, 3], [4, 0, 1], [4, 2, 1], [4, 1, 2], [0, 0, 1], [1, 1, 2], [2, 1, 2], [0, 3, 2], [4, 0, 1], [1, 1, 2], [0, 1, 2], [4, 0, 1], [0, 2, 3], [1, 1, 0], [2, 2, 1], [3, 2, 3], [2, 3, 2], [3, 3, 2], [3, 2, 1], [5, 1, 2], [4, 0, 1], [5, 0, 1], [0, 2, 3], [1, 2, 3], [0, 2, 1], [3, 0, 1], [4, 0, 1], [0, 1, 0], [0, 2, 3], [3, 2, 3], [4, 0, 1], [0, 3, 2], [0, 1, 0], [5, 2, 3]] Fitness: 0.869751935356275

Gene: [[3, 1, 2], [4, 1, 0], [2, 3, 2], [5, 2, 1], [1, 2, 3], [4, 2, 1], [3, 1, 0], [0, 3, 2], [2, 0, 1], [1, 1, 0], [5, 1, 2], [0, 0, 1], [4, 1, 2], [1, 1, 0], [3, 1, 0], [1, 2, 1], [4, 2, 3], [0, 1, 0], [5, 0, 1], [3, 1, 0], [5, 2, 1], [4, 1, 0], [1, 2, 1], [3, 0, 1], [2, 2, 1], [5, 3, 2], [4, 2, 1], [5, 0, 1], [3, 3, 2], [4, 1, 0], [4, 3, 2], [0, 2, 3], [4, 1, 0], [1, 1, 0], [4, 2, 1], [3, 0, 1], [5, 2, 1], [2, 1, 0], [3, 3, 2], [2, 3, 2], [0, 1, 0], [2, 1, 0], [2, 2, 3], [1, 2, 3], [0, 3, 2], [1, 2, 1], [3, 3, 2], [3, 0, 1], [4, 0, 1], [4, 2, 1], [5, 0, 1], [3, 0, 1], [4, 1, 0], [0, 0, 1], [1, 2, 3], [5, 2, 1], [3, 3, 2], [4, 1, 0], [2, 2, 1], [1, 2, 3], [1, 1, 0], [1, 0, 1], [4, 1, 0], [1, 1, 0], [4, 2, 3], [3, 2, 1], [1, 2, 3], [5, 0, 1], [0, 3, 2], [2, 2, 1], [1, 0, 1], [3, 1, 0], [0, 1, 0], [3, 3, 2], [4, 3, 2]] Fitness: 0.8723008400518689

Gene: [[0, 0, 1], [4, 1, 2], [2, 1, 0], [5, 1, 2], [3, 2, 3], [0, 2, 3], [2, 3, 2], [3, 2, 1], [1, 3, 2], [2, 2, 3], [0, 0, 1], [2, 2, 3], [5, 3, 2], [4, 0, 1], [5, 3, 2], [3, 1, 2], [0, 2, 1], [2, 3, 2], [3, 1, 2], [0, 2, 1], [1, 2, 3], [5, 3, 2], [5, 2, 1], [0, 2, 1], [2, 2, 3], [0, 2, 1], [0, 2, 1], [2, 1, 2], [3, 1, 0], [5, 3, 2], [5, 2, 1], [1, 0, 1], [5, 1, 0], [1, 3, 2], [5, 3, 2], [2, 0, 1], [2, 2, 1], [2, 2, 3], [1, 2, 3], [4, 3, 2], [5, 1, 0], [4, 2, 1], [1, 2, 1], [1, 2, 3], [5, 3, 2], [5, 3, 2], [0, 2, 3], [4, 1, 0], [0, 2, 3], [4, 3, 2], [5, 0, 1], [1, 1, 0], [0, 3, 2], [1, 0, 1], [4, 2, 1], [1, 0, 1], [2, 3, 2], [4, 0, 1], [0, 2, 1], [4, 2, 3], [4, 2, 3], [0, 2, 3], [2, 1, 0], [4, 0, 1], [5, 2, 1], [5, 1, 2], [1, 2, 3], [4, 0, 1], [4, 0, 1], [1, 0, 1], [4, 1, 2], [1, 2, 1], [4, 2, 3], [2, 2, 1], [1, 3, 2], [2, 2, 1], [1, 2, 1], [3, 3, 2], [5, 0, 1], [1, 3, 2], [4, 1, 2], [0, 2, 3], [5, 1, 0], [4, 3, 2], [4, 2, 1], [3, 3, 2], [4, 0, 1], [2, 2, 1], [0, 0, 1], [2, 3, 2], [0, 0, 1]] Fitness: 0.8703902411475687

Gene: [[2, 2, 3], [1, 2, 1], [0, 2, 1], [2, 1, 0], [4, 1, 2], [3, 1, 2], [0, 0, 1], [1, 1, 2], [1, 2, 1], [0, 2, 3], [3, 3, 2], [3, 1, 2], [5, 2, 1], [4, 2, 3], [4, 2, 1], [4, 2, 1], [0, 3, 2], [2, 0, 1], [3, 3, 2], [0, 3, 2], [0, 2, 3], [2, 1, 0], [0, 0, 1], [0, 3, 2], [0, 0, 1], [0, 2, 1], [0, 0, 1], [2, 0, 1], [0, 2, 1], [2, 1, 0], [0, 2, 3], [4, 1, 0], [3, 2, 1], [0, 0, 1], [2, 2, 3], [0, 3, 2], [3, 1, 2], [5, 3, 2], [3, 3, 2], [4, 1, 0], [0, 2, 1], [5, 2, 3], [3, 2, 1], [0, 1, 2], [4, 2, 1], [2, 2, 3], [2, 2, 3], [5, 1, 2], [0, 2, 1], [1, 1, 0], [2, 0, 1], [5, 2, 3], [3, 1, 0], [4, 1, 0], [3, 3, 2], [5, 1, 2], [0, 2, 3], [4, 0, 1], [5, 0, 1], [0, 0, 1], [5, 1, 2], [2, 1, 0], [0, 0, 1], [5, 1, 0], [5, 0, 1], [2, 1, 0], [2, 0, 1], [3, 2, 1], [1, 1, 0], [5, 2, 3], [4, 2, 1], [4, 1, 0], [5, 0, 1], [5, 1, 0], [5, 1, 0], [3, 2, 1], [3, 2, 1], [3, 2, 1], [0, 3, 2], [3, 1, 2], [5, 3, 2], [0, 2, 1], [3, 2, 3], [4, 2, 1], [3, 3, 2], [3, 2, 1], [3, 2, 1], [5, 0, 1], [4, 2, 1], [1, 3, 2], [3, 2, 1], [4, 1, 2]] Fitness: 0.8703902411475689

Gene: [[5, 3, 2], [5, 3, 2], [5, 0, 1], [2, 2, 3], [4, 3, 2], [2, 2, 3], [1, 2, 3], [3, 3, 2], [4, 2, 1], [2, 0, 1], [5, 1, 0], [0, 3, 2], [1, 2, 3], [1, 2, 3], [5, 2, 3], [5, 2, 3], [4, 3, 2], [3, 0, 1], [1, 2, 3], [1, 2, 3], [1, 0, 1], [3, 0, 1], [2, 2, 1], [5, 2, 1], [5, 2, 1], [2, 0, 1], [3, 1, 0], [5, 2, 1], [4, 0, 1], [3, 0, 1], [4, 0, 1], [0, 1, 2], [5, 1, 0], [4, 0, 1], [2, 1, 0], [3, 0, 1], [2, 0, 1], [4, 1, 0], [1, 1, 2], [4, 0, 1], [2, 0, 1], [4, 2, 3], [0, 2, 1], [5, 1, 0], [2, 0, 1], [2, 2, 3], [3, 2, 3], [4, 2, 1], [1, 2, 3], [3, 3, 2], [5, 2, 1], [1, 1, 2], [2, 2, 3], [4, 1, 2], [3, 3, 2], [4, 0, 1], [0, 2, 1], [1, 1, 2], [4, 2, 3], [0, 0, 1], [5, 2, 3], [4, 2, 3], [2, 2, 3], [4, 1, 2], [0, 2, 1], [3, 0, 1], [1, 2, 3], [2, 3, 2], [4, 3, 2], [3, 3, 2], [2, 1, 0], [0, 3, 2], [0, 0, 1], [3, 3, 2]] Fitness: 0.8671914821317324

Gene: [[0, 2, 3], [3, 1, 0], [3, 2, 1], [4, 1, 2], [3, 0, 1], [2, 2, 1], [4, 2, 1], [3, 0, 1], [1, 2, 3], [5, 0, 1], [3, 2, 1], [5, 0, 1], [1, 2, 3], [3, 3, 2], [2, 2, 1], [2, 1, 0], [1, 2, 3], [5, 0, 1], [3, 2, 1], [5, 3, 2], [4, 3, 2], [2, 2, 1], [4, 1, 2], [5, 2, 3], [4, 3, 2], [4, 2, 1], [4, 2, 3], [3, 1, 2], [0, 2, 3], [2, 2, 1], [2, 0, 1], [5, 0, 1], [4, 2, 3], [0, 2, 1], [1, 1, 2], [5, 3, 2], [5, 0, 1], [3, 0, 1], [0, 1, 0], [3, 2, 1], [3, 1, 0], [0, 2, 3], [3, 1, 0], [1, 2, 3], [4, 1, 2], [4, 1, 2], [2, 2, 1], [2, 2, 1], [0, 0, 1], [1, 2, 1], [2, 2, 1], [2, 3, 2], [3, 0, 1], [3, 2, 3], [0, 2, 3], [2, 0, 1], [1, 3, 2], [5, 1, 2], [4, 0, 1], [3, 1, 2], [2, 2, 1], [4, 0, 1], [1, 2, 3], [3, 1, 2], [5, 3, 2], [4, 1, 0], [3, 2, 3], [4, 1, 0], [0, 2, 1], [1, 2, 1], [4, 1, 0], [4, 0, 1], [3, 1, 0], [1, 2, 3], [1, 2, 1], [3, 1, 0], [5, 1, 2], [5, 0, 1], [2, 1, 0], [4, 0, 1], [0, 3, 2]] Fitness: 0.8639745555744874

Gene: [[5, 2, 3], [5, 3, 2], [2, 2, 3], [2, 2, 3], [5, 2, 1], [1, 1, 0], [0, 1, 2], [2, 2, 3], [5, 0, 1], [4, 1, 2], [1, 1, 2], [0, 1, 2], [5, 0, 1], [5, 2, 1], [2, 2, 3], [4, 2, 1], [1, 3, 2], [4, 1, 0], [2, 2, 3], [0, 1, 0], [1, 0, 1], [1, 3, 2], [1, 3, 2], [3, 2, 1], [3, 0, 1], [1, 1, 2], [5, 0, 1], [5, 2, 3], [0, 0, 1], [4, 2, 3], [1, 2, 1], [4, 1, 2], [5, 0, 1], [4, 2, 1], [2, 2, 1], [1, 1, 2], [1, 1, 0], [3, 1, 2], [3, 1, 2], [0, 2, 3], [1, 1, 0], [1, 1, 2], [1, 3, 2], [4, 0, 1], [3, 2, 1], [1, 0, 1], [2, 1, 2], [5, 0, 1], [3, 1, 2], [2, 1, 2], [3, 2, 1], [5, 0, 1], [1, 1, 2], [3, 1, 2], [5, 1, 0], [3, 3, 2], [1, 1, 0], [3, 0, 1], [2, 1, 2], [1, 2, 1], [1, 0, 1], [1, 0, 1], [3, 0, 1], [3, 2, 3], [3, 0, 1], [1, 1, 0], [5, 3, 2], [0, 0, 1], [5, 0, 1], [5, 2, 3], [2, 2, 1], [4, 2, 1], [4, 3, 2], [4, 1, 2], [3, 2, 3], [5, 3, 2]] Fitness: 0.8633289765300904

Gene: [[1, 0, 1], [1, 2, 3], [0, 2, 1], [4, 0, 1], [5, 2, 3], [2, 2, 1], [2, 2, 3], [2, 3, 2], [0, 3, 2], [3, 3, 2], [3, 2, 1], [5, 2, 3], [5, 2, 1], [1, 0, 1], [3, 2, 3], [3, 2, 3], [3, 2, 1], [3, 2, 1], [5, 1, 2], [5, 1, 2], [3, 3, 2], [1, 2, 3], [5, 1, 2], [1, 2, 3], [1, 2, 3], [2, 2, 3], [1, 2, 3], [5, 1, 2], [3, 2, 1], [2, 3, 2], [4, 0, 1], [1, 2, 3], [5, 1, 0], [5, 1, 2], [2, 1, 2], [5, 1, 0], [0, 1, 2], [5, 1, 2], [2, 1, 2], [4, 0, 1], [2, 2, 1], [2, 2, 1], [2, 0, 1], [5, 2, 3], [2, 1, 2], [2, 3, 2], [0, 0, 1], [1, 2, 3], [0, 2, 3], [0, 0, 1], [5, 3, 2], [5, 3, 2], [0, 1, 2], [0, 1, 2], [0, 2, 3], [2, 2, 1], [2, 0, 1], [0, 2, 1], [4, 0, 1], [1, 0, 1], [5, 1, 2], [0, 2, 3], [2, 3, 2], [3, 3, 2], [3, 2, 3], [2, 1, 2], [2, 0, 1], [2, 2, 1], [2, 1, 2], [2, 3, 2], [5, 1, 2], [4, 2, 3], [2, 3, 2], [3, 3, 2], [0, 0, 1], [5, 0, 1], [0, 0, 1], [0, 2, 3], [3, 2, 3], [1, 0, 1], [3, 2, 3], [3, 3, 2], [5, 1, 2]] Fitness: 0.8748382741744951

Gene: [[0, 1, 2], [0, 3, 2], [0, 1, 2], [5, 0, 1], [2, 1, 2], [5, 0, 1], [3, 2, 1], [5, 2, 1], [5, 2, 3], [5, 2, 1], [2, 1, 0], [5, 2, 3], [4, 0, 1], [3, 0, 1], [4, 0, 1], [0, 2, 3], [3, 2, 1], [4, 2, 1], [1, 0, 1], [2, 1, 2], [1, 2, 3], [3, 2, 1], [2, 0, 1], [0, 2, 1], [4, 0, 1], [5, 2, 1], [3, 1, 2], [2, 2, 1], [0, 1, 0], [1, 0, 1], [4, 2, 1], [2, 1, 0], [2, 0, 1], [2, 1, 0], [1, 1, 0], [3, 1, 2], [1, 0, 1], [1, 0, 1], [1, 1, 0], [1, 2, 3], [5, 2, 3], [0, 3, 2], [1, 0, 1], [3, 3, 2], [1, 3, 2], [1, 0, 1], [0, 1, 2], [3, 1, 2], [0, 2, 3], [5, 2, 1], [0, 3, 2], [5, 0, 1], [3, 1, 2], [4, 1, 0], [5, 0, 1], [3, 1, 2], [5, 0, 1], [1, 1, 0], [1, 0, 1], [0, 2, 3], [0, 0, 1], [2, 2, 1], [5, 0, 1], [0, 2, 1], [4, 3, 2], [2, 1, 0], [4, 2, 3], [0, 2, 1], [3, 1, 2], [4, 1, 2], [0, 2, 1], [1, 0, 1], [3, 1, 2]] Fitness: 0.8678326824022188

Gene: [[3, 0, 1], [2, 2, 3], [5, 0, 1], [0, 2, 1], [2, 1, 2], [5, 2, 1], [0, 3, 2], [5, 2, 1], [5, 2, 1], [4, 3, 2], [3, 1, 0], [5, 0, 1], [1, 2, 3], [4, 3, 2], [5, 1, 2], [4, 1, 2], [5, 2, 1], [5, 2, 3], [0, 2, 1], [2, 2, 1], [5, 1, 0], [1, 3, 2], [5, 1, 2], [0, 1, 0], [4, 1, 2], [1, 1, 2], [5, 2, 3], [4, 2, 1], [0, 2, 1], [1, 2, 1], [0, 3, 2], [3, 2, 1], [5, 2, 3], [4, 3, 2], [5, 2, 1], [1, 3, 2], [4, 3, 2], [0, 2, 1], [1, 2, 3], [2, 2, 3], [1, 2, 3], [5, 1, 0], [5, 2, 3], [1, 0, 1], [5, 2, 3], [2, 1, 2], [5, 3, 2], [5, 2, 3], [4, 1, 0], [1, 2, 1], [0, 0, 1], [4, 3, 2], [2, 3, 2], [4, 0, 1], [1, 2, 1], [2, 0, 1], [1, 3, 2], [2, 1, 0], [5, 2, 3], [5, 0, 1], [3, 0, 1], [4, 1, 0], [5, 2, 3], [3, 2, 3], [3, 2, 3], [4, 1, 0], [4, 2, 3], [4, 2, 1], [3, 2, 3], [2, 1, 0], [0, 3, 2], [0, 0, 1], [2, 3, 2], [4, 3, 2], [2, 1, 0], [4, 2, 3], [4, 2, 3], [5, 2, 3], [4, 2, 1], [2, 1, 2], [5, 3, 2], [4, 1, 2], [4, 2, 3], [2, 3, 2], [0, 2, 1], [0, 2, 1], [2, 2, 3], [1, 3, 2], [2, 1, 2], [1, 2, 3], [5, 2, 3], [3, 2, 3], [1, 2, 1]] Fitness: 0.8703902411475687

Gene: [[0, 0, 1], [2, 2, 1], [1, 2, 1], [4, 1, 2], [4, 1, 0], [2, 2, 1], [3, 3, 2], [3, 1, 0], [0, 0, 1], [0, 0, 1], [0, 3, 2], [0, 3, 2], [4, 2, 3], [3, 1, 0], [4, 0, 1], [0, 1, 0], [2, 2, 3], [5, 2, 1], [2, 2, 1], [0, 3, 2], [0, 3, 2], [2, 2, 3], [5, 0, 1], [1, 1, 0], [5, 2, 3], [2, 1, 0], [3, 2, 1], [2, 1, 0], [3, 1, 0], [5, 2, 3], [4, 2, 3], [0, 2, 3], [5, 2, 1], [4, 1, 0], [5, 2, 3], [5, 2, 3], [2, 1, 2], [3, 0, 1], [5, 2, 3], [1, 1, 2], [4, 3, 2], [3, 0, 1], [0, 1, 0], [2, 0, 1], [4, 2, 3], [5, 2, 3], [1, 1, 2], [1, 2, 1], [2, 0, 1], [2, 2, 1], [4, 2, 1], [2, 2, 1], [4, 1, 0], [0, 3, 2], [0, 1, 0], [5, 0, 1], [5, 2, 3], [5, 0, 1], [3, 0, 1], [2, 2, 1], [0, 2, 1], [3, 3, 2], [1, 1, 0], [2, 0, 1], [5, 3, 2], [1, 2, 3], [4, 3, 2], [0, 2, 3], [0, 2, 3], [4, 2, 1], [4, 3, 2], [4, 1, 0], [2, 2, 1], [0, 0, 1], [1, 2, 1], [1, 2, 1], [3, 0, 1], [0, 0, 1], [1, 2, 1], [0, 2, 3], [3, 3, 2], [3, 0, 1], [3, 3, 2], [0, 1, 0], [0, 2, 3], [0, 3, 2], [5, 2, 1], [4, 1, 2], [4, 3, 2]] Fitness: 0.8811321810147117

Gene: [[2, 2, 1], [2, 2, 1], [0, 1, 2], [3, 3, 2], [5, 2, 1], [0, 1, 0], [2, 0, 1], [2, 2, 1], [0, 0, 1], [0, 0, 1], [2, 2, 1], [0, 2, 1], [2, 0, 1], [2, 3, 2], [3, 1, 0], [4, 0, 1], [2, 2, 1], [3, 2, 1], [4, 2, 3], [1, 2, 3], [1, 1, 0], [5, 0, 1], [5, 2, 3], [0, 1, 0], [5, 1, 0], [3, 0, 1], [3, 2, 1], [0, 3, 2], [2, 3, 2], [1, 2, 1], [5, 2, 1], [4, 0, 1], [4, 1, 2], [5, 3, 2], [0, 1, 2], [0, 2, 1], [2, 2, 1], [3, 1, 0], [3, 3, 2], [5, 3, 2], [1, 2, 1], [3, 1, 0], [4, 2, 3], [0, 2, 1], [3, 1, 2], [2, 2, 3], [3, 1, 2], [4, 1, 2], [1, 3, 2], [5, 1, 0], [4, 1, 2], [0, 3, 2], [4, 2, 3], [2, 0, 1], [5, 1, 2], [5, 3, 2], [0, 2, 1], [0, 1, 2], [0, 2, 1], [0, 1, 0], [4, 2, 3], [3, 1, 2], [2, 2, 1], [0, 0, 1], [0, 1, 0], [3, 2, 3], [3, 2, 3], [2, 2, 3], [3, 2, 3], [2, 1, 2], [2, 2, 3], [5, 1, 2], [3, 2, 3], [1, 1, 0], [2, 2, 3]] Fitness: 0.8779940539630897

Gene: [[0, 1, 0], [0, 2, 1], [4, 1, 2], [4, 0, 1], [4, 1, 2], [5, 3, 2], [3, 2, 3], [3, 1, 2], [1, 2, 3], [2, 2, 3], [4, 0, 1], [0, 2, 1], [2, 0, 1], [4, 2, 1], [0, 1, 0], [5, 0, 1], [1, 3, 2], [2, 1, 2], [1, 0, 1], [1, 2, 1], [5, 3, 2], [2, 3, 2], [5, 2, 1], [4, 1, 2], [1, 3, 2], [1, 2, 1], [3, 3, 2], [1, 2, 1], [0, 1, 2], [4, 1, 0], [2, 3, 2], [4, 2, 3], [4, 1, 0], [0, 2, 1], [1, 2, 1], [1, 2, 1], [2, 3, 2], [0, 1, 0], [4, 0, 1], [1, 1, 0], [0, 3, 2], [0, 2, 3], [3, 2, 3], [4, 2, 3], [0, 1, 0], [5, 2, 1], [0, 2, 1], [4, 2, 3], [4, 2, 3], [1, 3, 2], [5, 3, 2], [5, 3, 2], [3, 2, 1], [1, 2, 1], [4, 1, 0], [3, 2, 3], [1, 2, 1], [1, 2, 1], [1, 3, 2], [5, 3, 2], [1, 3, 2], [2, 2, 1], [4, 2, 3], [1, 2, 1], [3, 2, 3], [5, 3, 2], [3, 2, 3], [1, 1, 0], [3, 2, 3], [5, 2, 3], [0, 1, 2], [0, 2, 1], [5, 3, 2], [1, 2, 1]] Fitness: 0.8748382741744951

Gene: [[3, 2, 3], [1, 3, 2], [1, 0, 1], [3, 0, 1], [2, 3, 2], [3, 0, 1], [5, 2, 1], [5, 0, 1], [1, 2, 3], [4, 0, 1], [3, 2, 3], [4, 3, 2], [4, 0, 1], [4, 1, 2], [3, 1, 2], [3, 1, 2], [2, 1, 0], [2, 2, 3], [1, 0, 1], [2, 2, 3], [2, 0, 1], [3, 0, 1], [4, 0, 1], [2, 1, 2], [3, 2, 3], [2, 1, 0], [1, 3, 2], [3, 2, 3], [4, 0, 1], [0, 0, 1], [4, 3, 2], [5, 2, 1], [5, 0, 1], [4, 1, 0], [2, 2, 3], [4, 3, 2], [0, 3, 2], [4, 1, 2], [1, 3, 2], [3, 2, 3], [1, 1, 2], [5, 1, 2], [2, 3, 2], [0, 3, 2], [1, 2, 3], [0, 2, 1], [3, 2, 3], [5, 1, 0], [2, 2, 1], [0, 2, 3], [5, 0, 1], [3, 1, 2], [0, 1, 2], [4, 2, 1], [2, 1, 2], [2, 1, 0], [4, 2, 1], [0, 1, 2], [5, 1, 2], [3, 1, 0], [4, 1, 0], [0, 2, 3], [2, 1, 0], [1, 2, 1], [2, 2, 1], [3, 1, 0], [2, 1, 2], [2, 2, 3], [4, 0, 1], [2, 1, 2], [0, 2, 1], [4, 2, 3], [4, 0, 1], [3, 0, 1], [0, 3, 2], [4, 2, 3], [4, 0, 1], [2, 1, 2], [0, 2, 3], [2, 2, 3], [4, 0, 1], [4, 1, 0]] Fitness: 0.8723008400518689

Gene: [[1, 2, 3], [2, 1, 0], [0, 3, 2], [3, 2, 3], [4, 1, 0], [4, 3, 2], [1, 2, 3], [3, 0, 1], [1, 2, 3], [4, 3, 2], [4, 1, 2], [4, 3, 2], [5, 1, 2], [1, 3, 2], [1, 2, 3], [0, 1, 0], [4, 2, 1], [3, 2, 1], [4, 2, 1], [0, 0, 1], [0, 0, 1], [3, 2, 3], [1, 2, 3], [0, 1, 2], [4, 3, 2], [3, 1, 2], [4, 3, 2], [4, 3, 2], [5, 1, 0], [0, 3, 2], [4, 2, 3], [0, 1, 0], [4, 1, 2], [5, 3, 2], [3, 2, 1], [1, 1, 2], [3, 2, 3], [5, 1, 0], [3, 0, 1], [1, 2, 3], [1, 1, 2], [4, 2, 1], [0, 0, 1], [4, 3, 2], [1, 2, 3], [1, 3, 2], [1, 3, 2], [0, 3, 2], [4, 3, 2], [0, 0, 1], [3, 3, 2], [3, 1, 0], [0, 0, 1], [5, 1, 2], [0, 2, 3], [2, 2, 1], [4, 3, 2], [4, 2, 1], [3, 3, 2], [4, 3, 2], [5, 3, 2], [4, 3, 2], [0, 1, 0], [1, 3, 2], [5, 3, 2], [0, 0, 1], [5, 2, 3], [4, 3, 2], [1, 2, 3], [3, 2, 3], [1, 2, 1], [2, 2, 3], [3, 2, 3], [1, 2, 3], [1, 2, 3], [4, 2, 1], [5, 2, 1], [5, 2, 1], [1, 2, 3], [1, 3, 2], [3, 2, 1]] Fitness: 0.8761027139405518

Gene: [[0, 1, 0], [3, 2, 1], [3, 2, 1], [0, 2, 1], [2, 2, 1], [4, 0, 1], [3, 2, 1], [2, 2, 1], [3, 2, 1], [0, 1, 2], [1, 3, 2], [1, 3, 2], [0, 1, 0], [3, 0, 1], [2, 3, 2], [1, 3, 2], [3, 3, 2], [5, 3, 2], [4, 2, 3], [4, 1, 2], [4, 0, 1], [0, 2, 3], [0, 0, 1], [0, 2, 3], [0, 2, 3], [4, 2, 3], [0, 2, 1], [0, 2, 1], [4, 0, 1], [2, 2, 1], [4, 2, 3], [0, 1, 0], [1, 1, 0], [4, 1, 2], [2, 2, 1], [1, 1, 0], [1, 3, 2], [0, 1, 0], [4, 0, 1], [4, 0, 1], [5, 1, 2], [5, 1, 0], [1, 1, 0], [5, 3, 2], [2, 2, 1], [4, 2, 3], [4, 3, 2], [0, 0, 1], [4, 2, 3], [0, 1, 2], [0, 3, 2], [4, 2, 3], [4, 1, 2], [4, 2, 1], [1, 3, 2], [3, 2, 3], [2, 2, 1], [4, 1, 0], [1, 0, 1], [0, 1, 0], [0, 0, 1], [2, 3, 2], [5, 1, 0], [4, 2, 3], [4, 2, 3], [3, 2, 3], [3, 3, 2], [1, 2, 3], [1, 2, 3], [5, 2, 1], [4, 1, 0], [0, 1, 0], [1, 2, 3], [2, 1, 2], [1, 2, 3], [2, 2, 1], [4, 1, 2]] Fitness: 0.8678326824022188

Gene: [[5, 0, 1], [3, 2, 3], [2, 1, 0], [1, 2, 3], [4, 1, 0], [2, 2, 1], [4, 0, 1], [5, 2, 3], [4, 1, 2], [1, 0, 1], [4, 1, 0], [2, 1, 0], [2, 3, 2], [4, 0, 1], [1, 0, 1], [1, 2, 3], [4, 0, 1], [5, 2, 3], [4, 0, 1], [2, 1, 2], [2, 1, 0], [1, 2, 1], [2, 3, 2], [2, 1, 0], [1, 1, 0], [2, 0, 1], [1, 1, 0], [1, 1, 2], [4, 0, 1], [1, 0, 1], [1, 2, 3], [3, 1, 2], [4, 0, 1], [5, 2, 3], [1, 1, 0], [1, 1, 2], [5, 0, 1], [2, 1, 0], [2, 3, 2], [1, 2, 3], [1, 1, 0], [0, 2, 3], [2, 2, 1], [5, 3, 2], [0, 2, 3], [1, 0, 1], [5, 1, 2], [5, 2, 1], [2, 0, 1], [0, 0, 1], [3, 2, 1], [1, 3, 2], [1, 1, 2], [1, 2, 3], [2, 3, 2], [5, 0, 1], [3, 1, 2], [2, 0, 1], [3, 1, 2], [0, 1, 2], [3, 0, 1], [4, 0, 1], [1, 1, 2], [4, 1, 0], [5, 2, 1], [2, 3, 2], [1, 1, 2], [4, 0, 1], [0, 1, 0], [4, 2, 1], [0, 0, 1], [3, 0, 1], [5, 2, 1], [1, 2, 3], [0, 3, 2], [5, 2, 3], [5, 1, 2], [1, 2, 3], [0, 1, 2], [1, 2, 3], [5, 2, 3], [0, 2, 3]] Fitness: 0.8684731572099338

Gene: [[5, 0, 1], [1, 1, 0], [2, 2, 1], [0, 0, 1], [1, 2, 1], [0, 1, 0], [5, 0, 1], [4, 1, 0], [4, 2, 3], [0, 2, 1], [3, 2, 1], [5, 2, 3], [3, 0, 1], [4, 2, 1], [4, 1, 0], [5, 0, 1], [1, 1, 2], [1, 2, 3], [1, 1, 2], [0, 2, 1], [5, 2, 3], [3, 2, 1], [1, 2, 1], [5, 3, 2], [2, 2, 3], [0, 1, 0], [2, 3, 2], [1, 2, 1], [5, 2, 3], [0, 1, 0], [4, 2, 3], [2, 2, 3], [2, 1, 0], [1, 3, 2], [1, 0, 1], [2, 0, 1], [1, 0, 1], [4, 2, 3], [4, 3, 2], [5, 2, 3], [4, 1, 0], [5, 0, 1], [4, 2, 1], [2, 2, 3], [1, 2, 1], [4, 3, 2], [0, 3, 2], [1, 2, 3], [4, 3, 2], [5, 0, 1], [1, 3, 2], [4, 2, 3], [4, 2, 3], [3, 0, 1], [1, 2, 3], [4, 1, 0], [0, 1, 0], [5, 0, 1], [3, 1, 0], [3, 2, 3], [1, 1, 2], [1, 3, 2], [5, 0, 1], [4, 2, 3], [5, 2, 3], [0, 3, 2], [3, 2, 1], [2, 2, 1], [5, 0, 1], [2, 3, 2], [0, 3, 2], [4, 2, 1], [0, 2, 1], [1, 1, 2], [5, 0, 1], [3, 2, 3], [1, 1, 2], [2, 2, 1], [3, 2, 3], [0, 2, 3], [2, 3, 2], [0, 1, 2], [1, 3, 2], [2, 3, 2], [3, 2, 3], [2, 2, 1], [3, 1, 2], [5, 1, 0], [0, 2, 3], [0, 2, 3], [4, 3, 2]] Fitness: 0.8729362709190286

Gene: [[0, 2, 1], [2, 2, 1], [3, 2, 3], [0, 2, 1], [2, 1, 0], [2, 1, 2], [2, 2, 3], [1, 2, 3], [0, 1, 2], [5, 1, 0], [3, 0, 1], [2, 1, 2], [5, 2, 3], [0, 2, 1], [1, 2, 3], [3, 2, 3], [1, 1, 0], [2, 1, 2], [5, 0, 1], [2, 0, 1], [0, 3, 2], [2, 2, 3], [0, 3, 2], [2, 1, 0], [2, 2, 3], [4, 0, 1], [1, 3, 2], [0, 1, 0], [0, 1, 2], [3, 1, 0], [3, 2, 3], [3, 1, 2], [4, 0, 1], [3, 2, 3], [5, 2, 3], [5, 2, 3], [2, 2, 1], [2, 3, 2], [5, 2, 3], [1, 3, 2], [2, 2, 1], [4, 2, 3], [0, 2, 1], [0, 1, 2], [4, 1, 0], [3, 2, 3], [4, 1, 0], [3, 0, 1], [2, 2, 3], [2, 3, 2], [4, 0, 1], [5, 1, 2], [1, 3, 2], [5, 2, 3], [0, 2, 1], [2, 2, 3], [4, 0, 1], [5, 3, 2], [5, 2, 1], [0, 2, 1], [5, 2, 3], [3, 1, 2], [5, 0, 1], [5, 3, 2], [1, 1, 0], [4, 2, 1], [5, 2, 1], [5, 0, 1], [0, 2, 1], [0, 1, 0], [4, 0, 1], [5, 2, 3], [1, 1, 2], [0, 2, 3], [3, 1, 2], [0, 1, 0], [3, 2, 3], [0, 3, 2], [0, 2, 1]] Fitness: 0.8671914821317324

Gene: [[2, 2, 3], [4, 2, 1], [2, 1, 2], [2, 0, 1], [5, 2, 3], [2, 2, 3], [3, 0, 1], [0, 3, 2], [1, 1, 2], [5, 0, 1], [3, 0, 1], [4, 2, 3], [4, 1, 2], [3, 0, 1], [3, 2, 3], [5, 0, 1], [1, 3, 2], [0, 0, 1], [0, 1, 0], [4, 0, 1], [5, 2, 1], [5, 1, 0], [3, 3, 2], [3, 1, 2], [0, 1, 0], [4, 2, 1], [3, 2, 3], [3, 2, 1], [3, 2, 3], [3, 2, 3], [4, 2, 1], [4, 2, 3], [0, 1, 2], [5, 0, 1], [3, 1, 2], [5, 1, 2], [2, 1, 0], [1, 2, 1], [2, 3, 2], [5, 1, 2], [5, 2, 3], [3, 3, 2], [5, 2, 3], [4, 0, 1], [2, 1, 0], [5, 2, 3], [0, 1, 2], [3, 3, 2], [3, 0, 1], [1, 1, 2], [5, 0, 1], [4, 0, 1], [3, 1, 2], [4, 2, 1], [0, 2, 3], [3, 1, 2], [2, 1, 2], [4, 0, 1], [4, 2, 1], [2, 2, 1], [3, 1, 2], [4, 1, 2], [5, 0, 1], [4, 2, 1], [1, 3, 2], [2, 1, 0], [0, 1, 2], [1, 2, 1], [0, 3, 2], [2, 3, 2], [3, 2, 3], [0, 3, 2], [4, 2, 1], [2, 3, 2], [3, 2, 1], [2, 1, 2], [4, 1, 0], [0, 3, 2], [4, 2, 1], [1, 3, 2], [1, 2, 1], [4, 1, 0], [4, 2, 1], [4, 0, 1], [5, 3, 2], [4, 0, 1], [4, 3, 2], [3, 3, 2], [4, 1, 0]] Fitness: 0.8723008400518689

Gene: [[1, 0, 1], [2, 2, 1], [2, 3, 2], [0, 0, 1], [5, 1, 0], [2, 0, 1], [3, 0, 1], [2, 2, 1], [4, 3, 2], [2, 2, 1], [1, 2, 1], [1, 0, 1], [5, 1, 2], [5, 3, 2], [5, 1, 2], [2, 2, 1], [2, 0, 1], [1, 3, 2], [1, 0, 1], [4, 2, 3], [0, 1, 2], [0, 1, 0], [2, 3, 2], [2, 0, 1], [0, 3, 2], [2, 2, 1], [5, 0, 1], [4, 2, 1], [2, 0, 1], [4, 2, 1], [1, 0, 1], [2, 2, 1], [2, 1, 2], [2, 2, 1], [0, 0, 1], [1, 2, 3], [1, 3, 2], [2, 2, 1], [2, 0, 1], [2, 0, 1], [1, 2, 3], [0, 1, 0], [1, 2, 1], [4, 2, 3], [3, 2, 3], [5, 2, 1], [4, 2, 1], [4, 0, 1], [2, 2, 1], [4, 2, 3], [1, 2, 3], [2, 1, 0], [1, 2, 3], [3, 2, 3], [2, 1, 0], [1, 0, 1], [4, 2, 3], [1, 3, 2], [1, 3, 2], [1, 3, 2], [2, 0, 1], [3, 2, 3], [4, 2, 1], [0, 2, 3], [5, 1, 0], [4, 2, 3], [2, 2, 1], [0, 0, 1], [1, 3, 2], [2, 0, 1], [2, 0, 1], [2, 1, 0], [4, 2, 1], [2, 3, 2], [2, 3, 2], [4, 2, 3], [1, 2, 3], [2, 0, 1], [2, 1, 2], [0, 0, 1], [0, 3, 2], [4, 2, 1], [1, 2, 3], [2, 1, 2], [3, 0, 1], [4, 2, 1], [0, 0, 1], [2, 1, 2], [4, 2, 1], [4, 2, 1], [0, 3, 2], [5, 3, 2], [3, 2, 1], [4, 2, 3], [0, 2, 1], [1, 3, 2], [1, 3, 2], [3, 2, 3], [2, 2, 3], [4, 3, 2]] Fitness: 0.8723008400518689

Gene: [[1, 3, 2], [0, 2, 3], [5, 0, 1], [5, 0, 1], [5, 3, 2], [0, 0, 1], [0, 1, 0], [3, 2, 3], [2, 1, 0], [5, 2, 3], [2, 0, 1], [0, 1, 0], [3, 2, 3], [0, 2, 3], [0, 2, 3], [4, 2, 3], [2, 1, 2], [3, 2, 3], [0, 0, 1], [0, 2, 3], [3, 2, 3], [0, 1, 0], [0, 1, 0], [5, 2, 3], [4, 1, 2], [2, 1, 2], [2, 0, 1], [1, 3, 2], [5, 2, 3], [2, 2, 3], [5, 3, 2], [0, 1, 0], [2, 0, 1], [4, 1, 0], [1, 1, 2], [4, 2, 3], [3, 1, 0], [3, 2, 1], [5, 2, 3], [1, 1, 2], [0, 1, 0], [0, 2, 3], [4, 1, 2], [5, 1, 0], [3, 0, 1], [0, 2, 1], [4, 2, 1], [5, 2, 3], [1, 1, 2], [4, 2, 1], [5, 3, 2], [0, 0, 1], [0, 0, 1], [5, 2, 3], [2, 2, 3], [3, 1, 0], [3, 3, 2], [2, 2, 1], [2, 0, 1], [3, 1, 2], [2, 2, 3], [3, 3, 2], [3, 2, 1], [2, 0, 1], [2, 1, 2], [0, 1, 0], [5, 1, 0], [2, 1, 0], [3, 0, 1], [5, 1, 2], [5, 2, 3], [5, 3, 2], [0, 0, 1], [3, 0, 1], [3, 2, 3], [3, 1, 2], [2, 0, 1], [2, 1, 0], [1, 1, 2], [2, 2, 3], [4, 1, 2], [2, 2, 3], [2, 2, 1], [2, 0, 1], [2, 2, 1], [5, 2, 3], [4, 2, 1], [0, 1, 0], [0, 0, 1], [2, 1, 0], [3, 0, 1], [1, 1, 2], [2, 2, 1], [5, 0, 1]] Fitness: 0.8748382741744951

Gene: [[5, 2, 1], [2, 3, 2], [4, 0, 1], [2, 3, 2], [0, 1, 0], [4, 2, 3], [0, 2, 1], [4, 0, 1], [3, 2, 1], [2, 3, 2], [0, 2, 3], [0, 2, 3], [3, 1, 0], [2, 2, 3], [3, 1, 0], [0, 0, 1], [0, 2, 1], [5, 1, 2], [4, 1, 2], [0, 2, 1], [0, 0, 1], [5, 1, 2], [2, 3, 2], [5, 0, 1], [2, 1, 0], [3, 1, 2], [4, 2, 3], [5, 1, 2], [4, 1, 2], [1, 0, 1], [4, 1, 2], [5, 2, 1], [2, 1, 2], [2, 0, 1], [5, 1, 2], [3, 0, 1], [3, 1, 0], [3, 2, 3], [2, 2, 1], [4, 0, 1], [3, 1, 2], [3, 2, 1], [5, 2, 1], [1, 3, 2], [4, 0, 1], [5, 1, 2], [3, 2, 1], [0, 0, 1], [4, 1, 0], [3, 1, 0], [5, 2, 1], [0, 1, 0], [1, 2, 3], [3, 1, 2], [0, 2, 1], [4, 2, 3], [5, 2, 1], [3, 1, 2], [4, 2, 3], [0, 2, 3], [2, 2, 1], [3, 2, 3], [3, 2, 1], [1, 0, 1], [0, 1, 2], [3, 2, 1], [4, 0, 1], [3, 2, 1], [3, 1, 2], [0, 2, 1], [0, 3, 2], [1, 1, 0], [3, 2, 1], [3, 1, 2], [4, 0, 1], [3, 3, 2], [0, 3, 2], [1, 0, 1], [5, 1, 2], [0, 2, 1], [5, 1, 2], [4, 1, 0], [0, 3, 2], [2, 2, 1], [5, 2, 1], [0, 3, 2], [5, 2, 1], [5, 0, 1], [3, 2, 3], [1, 1, 2], [3, 2, 1], [2, 2, 1], [5, 1, 2], [4, 0, 1], [1, 1, 2], [2, 2, 3], [1, 0, 1], [4, 1, 2], [0, 2, 1], [5, 2, 1], [1, 2, 3], [4, 0, 1]] Fitness: 0.8811321810147117

Gene: [[4, 2, 3], [4, 2, 3], [5, 0, 1], [2, 3, 2], [5, 2, 3], [0, 0, 1], [3, 2, 1], [0, 0, 1], [4, 2, 3], [1, 2, 1], [5, 0, 1], [0, 1, 0], [5, 2, 3], [3, 2, 1], [5, 1, 0], [5, 2, 1], [3, 2, 1], [2, 3, 2], [0, 1, 0], [3, 0, 1], [0, 3, 2], [5, 2, 3], [0, 1, 2], [0, 3, 2], [1, 1, 2], [5, 3, 2], [1, 2, 1], [5, 0, 1], [5, 2, 3], [1, 2, 3], [0, 1, 0], [4, 1, 0], [0, 1, 0], [1, 1, 0], [5, 1, 0], [3, 2, 1], [0, 0, 1], [4, 2, 3], [2, 3, 2], [4, 1, 2], [0, 2, 3], [3, 1, 0], [0, 1, 0], [1, 2, 3], [5, 2, 1], [1, 2, 1], [4, 0, 1], [2, 2, 3], [5, 3, 2], [5, 2, 3], [2, 3, 2], [3, 2, 1], [4, 3, 2], [5, 0, 1], [4, 2, 3], [4, 1, 0], [5, 2, 3], [1, 2, 3], [4, 1, 0], [4, 2, 3], [1, 1, 0], [3, 2, 3], [0, 0, 1], [5, 2, 1], [4, 1, 0], [5, 1, 0], [4, 1, 0], [3, 2, 1], [5, 0, 1], [2, 2, 1], [5, 1, 0], [0, 1, 2], [4, 3, 2], [3, 2, 1], [2, 3, 2], [5, 3, 2], [5, 0, 1], [5, 0, 1], [0, 3, 2], [5, 0, 1], [2, 1, 2], [5, 0, 1], [2, 3, 2], [4, 2, 1], [4, 3, 2], [5, 1, 0]] Fitness: 0.8805059607096882

Gene: [[3, 3, 2], [0, 1, 2], [4, 1, 2], [4, 1, 0], [2, 2, 3], [4, 1, 2], [3, 3, 2], [4, 2, 3], [4, 1, 2], [2, 2, 3], [2, 2, 3], [2, 2, 3], [4, 1, 2], [1, 1, 0], [0, 0, 1], [5, 2, 3], [4, 2, 3], [1, 2, 3], [0, 1, 0], [2, 2, 1], [2, 2, 1], [5, 3, 2], [0, 1, 0], [4, 2, 3], [4, 1, 0], [1, 3, 2], [5, 0, 1], [2, 2, 1], [2, 2, 3], [1, 1, 0], [1, 2, 1], [0, 2, 3], [1, 0, 1], [1, 2, 1], [2, 0, 1], [2, 2, 3], [2, 2, 1], [2, 2, 1], [5, 0, 1], [3, 1, 2], [5, 2, 1], [1, 3, 2], [3, 3, 2], [4, 2, 3], [3, 1, 2], [4, 0, 1], [2, 1, 2], [0, 1, 0], [0, 3, 2], [4, 0, 1], [4, 1, 0], [0, 2, 1], [4, 0, 1], [0, 0, 1], [4, 1, 0], [4, 2, 3], [4, 2, 1], [4, 2, 3], [4, 1, 2], [2, 2, 1], [4, 1, 2], [4, 1, 0], [0, 2, 3], [2, 3, 2], [4, 2, 3], [4, 1, 0], [4, 2, 3], [3, 2, 3], [3, 0, 1], [0, 0, 1], [3, 2, 3], [3, 1, 2], [1, 0, 1], [4, 1, 2], [0, 2, 3], [3, 1, 2], [5, 2, 3], [3, 2, 1], [2, 2, 1], [0, 2, 3], [4, 1, 2], [4, 0, 1], [1, 1, 2], [5, 1, 0], [1, 0, 1], [2, 3, 2], [1, 1, 2], [3, 2, 1], [4, 1, 2], [1, 2, 1]] Fitness: 0.8742049867732312

Gene: [[1, 2, 1], [2, 3, 2], [4, 0, 1], [3, 0, 1], [3, 0, 1], [1, 2, 3], [3, 0, 1], [3, 0, 1], [1, 2, 3], [4, 1, 2], [4, 0, 1], [1, 0, 1], [0, 3, 2], [1, 2, 3], [2, 2, 3], [4, 0, 1], [4, 0, 1], [2, 2, 3], [0, 3, 2], [5, 2, 3], [4, 1, 2], [2, 2, 3], [0, 3, 2], [0, 3, 2], [5, 3, 2], [1, 0, 1], [0, 3, 2], [0, 3, 2], [5, 2, 3], [2, 2, 3], [0, 3, 2], [2, 3, 2], [5, 0, 1], [1, 1, 0], [5, 2, 3], [2, 1, 2], [4, 1, 2], [1, 1, 0], [5, 1, 0], [4, 1, 0], [1, 2, 3], [5, 0, 1], [0, 1, 0], [1, 2, 3], [2, 0, 1], [2, 2, 3], [1, 2, 1], [5, 2, 3], [2, 2, 1], [5, 2, 3], [5, 1, 0], [5, 2, 3], [4, 1, 0], [1, 1, 0], [1, 2, 3], [5, 3, 2], [0, 3, 2], [5, 2, 3], [2, 2, 3], [4, 0, 1], [1, 2, 3], [5, 2, 3], [4, 0, 1], [5, 2, 3], [0, 1, 0], [5, 2, 3], [4, 0, 1], [2, 1, 2], [5, 1, 0], [0, 1, 0], [1, 2, 3], [2, 0, 1], [0, 1, 0], [1, 1, 0], [5, 1, 2], [5, 2, 1], [2, 1, 2], [2, 1, 2], [2, 2, 1], [1, 2, 3], [1, 0, 1]] Fitness: 0.8767338687033189

Gene: [[5, 1, 0], [5, 2, 1], [3, 1, 2], [4, 1, 2], [0, 0, 1], [1, 2, 3], [3, 0, 1], [3, 2, 3], [3, 2, 3], [2, 3, 2], [5, 1, 0], [3, 3, 2], [1, 2, 3], [3, 1, 2], [4, 2, 1], [0, 2, 1], [1, 2, 3], [3, 2, 3], [1, 2, 3], [2, 2, 3], [2, 1, 2], [0, 2, 1], [0, 0, 1], [4, 0, 1], [5, 1, 0], [1, 1, 2], [4, 1, 2], [1, 1, 2], [1, 2, 3], [0, 2, 3], [2, 2, 1], [4, 1, 0], [0, 1, 0], [3, 3, 2], [2, 2, 3], [2, 1, 2], [1, 0, 1], [1, 0, 1], [5, 2, 1], [3, 3, 2], [3, 3, 2], [0, 0, 1], [4, 1, 2], [4, 1, 0], [0, 1, 0], [0, 0, 1], [5, 2, 1], [4, 1, 0], [3, 2, 3], [4, 2, 1], [2, 2, 3], [0, 0, 1], [3, 2, 3], [2, 1, 2], [4, 1, 0], [0, 0, 1], [2, 2, 3], [2, 3, 2], [3, 2, 3], [0, 1, 0], [0, 1, 0], [4, 3, 2], [4, 1, 0], [0, 1, 0], [2, 3, 2], [5, 2, 1], [3, 3, 2], [1, 0, 1], [4, 1, 0], [5, 1, 0], [4, 2, 1], [4, 3, 2], [2, 2, 3], [5, 1, 2], [0, 0, 1], [1, 2, 1], [0, 2, 3], [5, 1, 0], [3, 2, 3], [2, 2, 3], [2, 2, 3], [5, 1, 2], [2, 2, 1], [5, 1, 0], [5, 2, 1], [5, 1, 0], [5, 3, 2], [4, 0, 1], [1, 1, 0], [0, 1, 0], [1, 2, 3], [5, 1, 0], [0, 1, 0], [1, 2, 3], [2, 2, 3], [1, 0, 1], [2, 2, 1], [2, 1, 2], [3, 1, 0], [4, 2, 3], [0, 1, 0], [5, 2, 1], [0, 3, 2]] Fitness: 0.8723008400518689

Gene: [[2, 2, 1], [5, 2, 3], [2, 1, 2], [0, 2, 1], [5, 2, 1], [3, 2, 3], [4, 0, 1], [1, 1, 0], [3, 2, 3], [1, 1, 0], [2, 2, 3], [0, 1, 0], [2, 2, 1], [3, 1, 2], [5, 2, 3], [5, 2, 3], [1, 2, 1], [0, 3, 2], [3, 2, 1], [5, 2, 1], [5, 1, 0], [4, 2, 1], [1, 3, 2], [2, 0, 1], [3, 3, 2], [5, 2, 3], [4, 0, 1], [3, 2, 1], [2, 1, 0], [1, 2, 3], [0, 1, 2], [5, 1, 2], [2, 1, 0], [4, 2, 1], [3, 2, 1], [5, 0, 1], [1, 3, 2], [5, 1, 0], [2, 0, 1], [1, 1, 0], [0, 1, 0], [5, 2, 1], [1, 0, 1], [4, 2, 3], [4, 2, 3], [1, 0, 1], [4, 0, 1], [1, 2, 3], [1, 2, 3], [1, 2, 1], [0, 2, 3], [1, 1, 0], [1, 1, 2], [4, 1, 0], [1, 1, 0], [4, 0, 1], [3, 2, 1], [0, 3, 2], [1, 2, 1], [3, 2, 1], [4, 0, 1], [1, 2, 3], [4, 2, 3], [3, 2, 1], [3, 3, 2], [1, 1, 0], [3, 2, 3], [0, 2, 3], [3, 1, 2], [0, 2, 1], [4, 1, 0], [1, 0, 1], [1, 1, 2], [5, 3, 2], [1, 2, 3], [0, 2, 3], [2, 2, 1], [0, 3, 2], [5, 2, 1], [0, 1, 0], [2, 1, 0], [5, 2, 3], [5, 1, 0], [2, 1, 0], [0, 2, 3], [4, 3, 2], [3, 1, 2], [1, 2, 3], [2, 1, 0], [2, 2, 1], [3, 1, 0]] Fitness: 0.8748382741744951

Gene: [[2, 2, 3], [3, 3, 2], [4, 0, 1], [4, 0, 1], [5, 0, 1], [1, 0, 1], [5, 0, 1], [4, 0, 1], [2, 0, 1], [4, 0, 1], [2, 0, 1], [4, 0, 1], [3, 2, 3], [0, 2, 1], [0, 2, 3], [4, 1, 0], [5, 0, 1], [2, 0, 1], [3, 1, 2], [4, 1, 0], [3, 1, 2], [3, 2, 1], [0, 1, 0], [2, 3, 2], [0, 2, 1], [3, 2, 3], [3, 2, 3], [2, 0, 1], [5, 1, 0], [2, 3, 2], [5, 0, 1], [2, 2, 1], [3, 1, 2], [3, 1, 2], [0, 1, 2], [5, 1, 2], [4, 0, 1], [1, 3, 2], [3, 3, 2], [3, 2, 1], [4, 3, 2], [4, 2, 3], [0, 2, 1], [2, 0, 1], [4, 2, 1], [3, 0, 1], [0, 2, 1], [1, 1, 2], [1, 2, 3], [3, 2, 3], [0, 1, 0], [0, 2, 3], [5, 1, 2], [2, 3, 2], [5, 0, 1], [3, 2, 1], [2, 0, 1], [2, 0, 1], [4, 3, 2], [4, 1, 0], [5, 2, 3], [0, 2, 3], [2, 0, 1], [5, 1, 0], [2, 0, 1], [2, 0, 1], [0, 1, 0], [0, 2, 3], [5, 1, 2], [3, 0, 1], [5, 2, 3], [2, 0, 1], [4, 3, 2], [5, 1, 2], [0, 0, 1], [4, 2, 3], [4, 1, 2], [4, 2, 3], [0, 1, 0]] Fitness: 0.8742049867732312

Gene: [[1, 1, 2], [0, 2, 1], [0, 1, 2], [0, 2, 1], [2, 1, 2], [5, 0, 1], [0, 3, 2], [1, 1, 0], [2, 3, 2], [1, 2, 1], [1, 2, 1], [1, 1, 2], [1, 2, 1], [2, 1, 0], [0, 2, 3], [0, 2, 3], [5, 0, 1], [1, 2, 1], [4, 3, 2], [4, 2, 3], [4, 1, 0], [4, 1, 0], [4, 3, 2], [1, 1, 0], [5, 2, 3], [0, 3, 2], [4, 2, 3], [3, 2, 3], [1, 2, 1], [5, 0, 1], [3, 1, 2], [0, 3, 2], [0, 2, 3], [0, 2, 1], [5, 1, 2], [0, 1, 2], [3, 1, 2], [1, 2, 1], [0, 1, 2], [4, 0, 1], [0, 2, 1], [4, 1, 2], [4, 1, 2], [4, 2, 1], [1, 2, 1], [0, 1, 2], [3, 2, 1], [1, 1, 0], [3, 1, 0], [3, 2, 3], [1, 2, 1], [3, 0, 1], [4, 1, 2], [3, 0, 1], [4, 3, 2], [4, 1, 2], [0, 0, 1], [4, 3, 2], [2, 3, 2], [4, 1, 2], [0, 1, 2], [2, 2, 1], [3, 2, 3], [1, 2, 1], [3, 0, 1], [4, 2, 1], [4, 0, 1], [5, 1, 2], [2, 3, 2], [0, 1, 2], [0, 1, 0], [4, 2, 1], [0, 0, 1], [5, 0, 1], [4, 2, 1], [5, 0, 1], [5, 1, 2], [4, 3, 2], [4, 2, 3], [5, 1, 2], [1, 1, 0], [0, 1, 2], [0, 0, 1], [5, 0, 1], [0, 1, 0], [0, 2, 3], [2, 3, 2]] Fitness: 0.8767338687033189

Gene: [[0, 0, 1], [0, 3, 2], [2, 2, 3], [4, 0, 1], [5, 1, 0], [0, 2, 1], [3, 2, 1], [3, 0, 1], [2, 3, 2], [1, 2, 1], [3, 2, 1], [2, 1, 2], [2, 1, 2], [1, 3, 2], [4, 2, 1], [0, 2, 1], [5, 2, 3], [4, 1, 2], [4, 1, 0], [5, 2, 1], [3, 0, 1], [0, 3, 2], [4, 0, 1], [3, 2, 1], [5, 1, 2], [3, 1, 2], [0, 2, 1], [5, 2, 1], [0, 2, 3], [1, 2, 1], [0, 2, 1], [0, 1, 2], [4, 2, 3], [4, 1, 2], [3, 0, 1], [3, 0, 1], [5, 1, 2], [5, 2, 3], [5, 1, 2], [3, 1, 2], [0, 3, 2], [1, 2, 1], [3, 0, 1], [1, 2, 3], [1, 2, 1], [2, 1, 2], [2, 2, 3], [3, 2, 3], [0, 2, 3], [5, 2, 3], [0, 0, 1], [3, 2, 3], [3, 0, 1], [5, 2, 3], [0, 2, 3], [0, 2, 1], [1, 2, 3], [0, 1, 2], [0, 2, 1], [1, 3, 2], [0, 2, 1], [1, 2, 1], [0, 2, 1], [0, 1, 0], [2, 2, 3], [1, 2, 1], [2, 2, 3], [1, 2, 1], [0, 2, 1], [1, 2, 1], [3, 1, 2], [0, 2, 3], [0, 2, 1], [0, 0, 1], [0, 2, 3], [5, 1, 0], [0, 1, 0], [2, 2, 3], [4, 3, 2], [3, 0, 1], [1, 2, 3], [4, 3, 2], [2, 0, 1], [4, 0, 1], [5, 2, 3], [3, 2, 1], [0, 2, 1], [4, 1, 0], [4, 0, 1], [1, 2, 1], [5, 2, 1], [5, 2, 3], [4, 3, 2]] Fitness: 0.8742049867732312

Gene: [[2, 1, 0], [3, 1, 2], [4, 2, 3], [4, 2, 3], [3, 0, 1], [2, 1, 0], [4, 0, 1], [5, 1, 2], [5, 0, 1], [1, 1, 0], [0, 2, 1], [2, 1, 0], [0, 2, 1], [3, 1, 2], [5, 0, 1], [4, 2, 3], [5, 3, 2], [3, 2, 3], [4, 2, 3], [2, 2, 1], [1, 3, 2], [3, 1, 2], [5, 2, 1], [5, 2, 1], [1, 1, 2], [5, 2, 3], [3, 1, 0], [5, 0, 1], [3, 0, 1], [3, 1, 2], [1, 0, 1], [1, 0, 1], [4, 2, 3], [4, 1, 2], [2, 2, 3], [1, 2, 3], [1, 1, 2], [3, 3, 2], [1, 2, 1], [5, 2, 1], [1, 2, 3], [2, 2, 1], [5, 1, 2], [0, 1, 0], [4, 2, 3], [0, 3, 2], [1, 1, 0], [1, 3, 2], [1, 2, 1], [0, 1, 0], [4, 2, 3], [4, 3, 2], [4, 1, 2], [5, 2, 3], [3, 3, 2], [1, 2, 3], [3, 1, 0], [1, 3, 2], [3, 1, 2], [1, 2, 3], [1, 3, 2], [1, 2, 3], [5, 1, 0], [2, 0, 1], [5, 0, 1], [3, 2, 3], [1, 2, 3], [3, 2, 1], [5, 0, 1], [4, 1, 2], [1, 1, 2], [1, 1, 2], [1, 2, 3], [5, 1, 2], [2, 1, 2], [3, 2, 3], [3, 1, 0], [0, 3, 2], [2, 2, 1], [3, 1, 2], [3, 1, 2], [4, 2, 1], [1, 2, 3], [4, 2, 3], [1, 2, 1], [4, 3, 2]] Fitness: 0.8773643149800752

Gene: [[1, 2, 3], [1, 1, 2], [0, 1, 0], [5, 2, 1], [4, 1, 2], [0, 0, 1], [1, 2, 3], [2, 2, 3], [1, 3, 2], [1, 2, 3], [4, 3, 2], [3, 2, 1], [1, 1, 2], [3, 0, 1], [1, 0, 1], [0, 1, 2], [4, 2, 3], [2, 0, 1], [4, 1, 2], [4, 3, 2], [0, 2, 1], [1, 0, 1], [5, 0, 1], [0, 0, 1], [1, 1, 2], [4, 2, 3], [4, 1, 0], [4, 3, 2], [1, 2, 1], [5, 1, 0], [2, 2, 3], [1, 2, 3], [3, 3, 2], [1, 1, 2], [0, 1, 0], [3, 2, 1], [2, 0, 1], [4, 1, 2], [4, 1, 0], [1, 2, 3], [1, 1, 0], [4, 3, 2], [2, 3, 2], [1, 0, 1], [3, 2, 1], [2, 2, 3], [0, 2, 3], [2, 2, 3], [0, 1, 0], [1, 2, 3], [5, 0, 1], [4, 3, 2], [4, 2, 3], [2, 2, 1], [1, 2, 1], [1, 3, 2], [5, 0, 1], [4, 1, 0], [2, 0, 1], [5, 3, 2], [1, 3, 2], [0, 2, 1], [4, 2, 3], [3, 0, 1], [4, 2, 3], [1, 1, 2], [4, 1, 2], [3, 2, 1], [2, 1, 2], [3, 3, 2], [4, 1, 0], [2, 0, 1], [3, 0, 1], [4, 2, 3], [5, 0, 1], [3, 2, 1], [4, 1, 2], [4, 1, 0], [2, 1, 2], [1, 3, 2], [5, 0, 1], [4, 1, 2], [4, 1, 2], [3, 2, 1], [3, 2, 1], [2, 2, 1], [5, 0, 1], [2, 2, 1], [5, 2, 3], [2, 0, 1], [3, 0, 1], [0, 1, 0], [0, 1, 2], [4, 1, 2], [1, 3, 2], [3, 3, 2], [4, 2, 3], [2, 3, 2], [1, 2, 1]] Fitness: 0.871664692277317

Gene: [[1, 1, 2], [2, 0, 1], [3, 2, 1], [2, 2, 1], [4, 3, 2], [4, 2, 1], [2, 2, 1], [2, 2, 1], [2, 2, 3], [3, 1, 2], [0, 2, 3], [3, 3, 2], [3, 3, 2], [0, 2, 1], [4, 1, 0], [1, 3, 2], [4, 1, 0], [1, 2, 3], [2, 0, 1], [3, 3, 2], [4, 1, 0], [3, 1, 2], [2, 2, 1], [4, 2, 1], [5, 1, 0], [1, 2, 1], [4, 0, 1], [5, 2, 1], [2, 1, 2], [0, 0, 1], [3, 2, 3], [0, 0, 1], [1, 2, 1], [4, 2, 3], [0, 2, 3], [5, 0, 1], [1, 1, 2], [2, 0, 1], [1, 0, 1], [2, 1, 2], [3, 1, 2], [5, 3, 2], [1, 3, 2], [0, 3, 2], [4, 2, 1], [4, 2, 1], [1, 3, 2], [1, 3, 2], [2, 3, 2], [5, 1, 2], [4, 2, 1], [0, 0, 1], [4, 2, 3], [2, 1, 0], [5, 0, 1], [3, 2, 3], [2, 0, 1], [4, 2, 1], [5, 0, 1], [3, 1, 2], [0, 0, 1], [5, 2, 1], [1, 1, 2], [4, 2, 3], [4, 0, 1], [0, 0, 1], [1, 1, 0], [5, 2, 1], [5, 0, 1], [0, 0, 1], [0, 2, 1], [1, 3, 2], [0, 0, 1], [4, 2, 1], [5, 2, 3], [2, 1, 0], [2, 0, 1], [2, 3, 2], [3, 1, 2], [5, 3, 2], [5, 1, 2], [3, 2, 3], [5, 1, 0], [5, 1, 2], [4, 2, 1], [2, 1, 2], [5, 1, 2], [3, 3, 2], [3, 3, 2]] Fitness: 0.8684731572099338

Gene: [[5, 2, 1], [0, 1, 0], [3, 1, 2], [3, 2, 1], [1, 1, 2], [5, 2, 1], [5, 3, 2], [1, 1, 2], [0, 3, 2], [4, 2, 3], [4, 2, 1], [3, 1, 0], [3, 1, 0], [1, 2, 1], [4, 2, 1], [4, 2, 3], [0, 0, 1], [5, 2, 3], [4, 2, 3], [2, 0, 1], [0, 2, 1], [4, 2, 1], [2, 2, 3], [4, 2, 3], [2, 2, 3], [4, 2, 3], [1, 2, 1], [2, 1, 0], [3, 3, 2], [2, 2, 1], [0, 0, 1], [5, 2, 3], [5, 2, 1], [3, 2, 3], [4, 2, 3], [5, 3, 2], [3, 2, 1], [4, 2, 1], [5, 2, 1], [2, 1, 2], [5, 2, 1], [1, 2, 1], [3, 3, 2], [4, 2, 3], [4, 3, 2], [4, 2, 3], [1, 2, 1], [5, 1, 0], [4, 2, 3], [5, 2, 1], [2, 2, 3], [3, 3, 2], [3, 1, 0], [2, 0, 1], [4, 2, 1], [2, 0, 1], [1, 3, 2], [4, 3, 2], [2, 1, 0], [4, 2, 3], [1, 3, 2], [1, 2, 3], [1, 2, 3], [1, 3, 2], [4, 2, 3], [0, 0, 1], [3, 2, 1], [4, 2, 1], [2, 2, 3], [4, 0, 1], [0, 2, 3], [2, 1, 2], [3, 1, 2], [5, 1, 0], [5, 2, 1], [4, 0, 1], [5, 1, 0], [1, 1, 2], [1, 2, 3], [0, 2, 3], [1, 1, 2], [5, 3, 2], [1, 2, 3], [3, 3, 2], [4, 3, 2], [3, 3, 2], [4, 0, 1], [4, 2, 1], [1, 0, 1], [3, 1, 2], [3, 3, 2]] Fitness: 0.8748382741744951

Gene: [[2, 2, 1], [4, 0, 1], [3, 3, 2], [3, 1, 2], [0, 1, 2], [4, 1, 0], [1, 2, 3], [3, 0, 1], [4, 1, 2], [0, 2, 1], [0, 2, 1], [4, 1, 2], [4, 2, 3], [4, 3, 2], [3, 1, 2], [4, 0, 1], [4, 0, 1], [3, 2, 1], [4, 2, 3], [0, 2, 1], [1, 2, 3], [2, 1, 0], [2, 0, 1], [3, 2, 1], [2, 1, 0], [2, 0, 1], [5, 1, 0], [5, 1, 2], [1, 1, 0], [1, 1, 0], [2, 2, 3], [5, 2, 3], [5, 3, 2], [5, 1, 2], [5, 2, 3], [5, 2, 3], [5, 2, 1], [5, 2, 3], [4, 2, 3], [1, 1, 0], [4, 2, 3], [4, 3, 2], [4, 0, 1], [4, 1, 2], [2, 0, 1], [0, 1, 2], [0, 2, 3], [0, 1, 0], [5, 3, 2], [2, 2, 3], [1, 3, 2], [5, 1, 0], [5, 1, 0], [1, 1, 0], [2, 1, 0], [5, 2, 1], [0, 1, 0], [5, 3, 2], [2, 0, 1], [5, 1, 0], [5, 3, 2], [2, 2, 3], [4, 0, 1], [5, 2, 3], [4, 2, 3], [2, 2, 3], [3, 1, 2], [4, 3, 2], [2, 1, 0], [2, 2, 3], [5, 2, 3], [3, 0, 1], [3, 1, 2], [0, 1, 2], [2, 0, 1], [5, 1, 0], [0, 1, 2], [1, 3, 2], [5, 2, 3], [0, 1, 0], [2, 0, 1], [2, 0, 1], [0, 1, 0], [4, 2, 3]] Fitness: 0.8729362709190286

Gene: [[1, 2, 3], [0, 3, 2], [0, 3, 2], [4, 2, 1], [5, 2, 1], [4, 2, 1], [2, 1, 2], [2, 2, 3], [4, 2, 1], [5, 2, 3], [4, 2, 1], [1, 2, 3], [1, 0, 1], [1, 3, 2], [0, 3, 2], [1, 0, 1], [5, 3, 2], [1, 0, 1], [4, 2, 1], [2, 2, 1], [0, 2, 3], [2, 2, 1], [5, 2, 1], [5, 2, 1], [4, 1, 0], [3, 1, 2], [2, 1, 2], [5, 2, 3], [3, 2, 3], [3, 1, 2], [3, 3, 2], [2, 2, 3], [1, 2, 3], [1, 1, 0], [1, 2, 1], [2, 0, 1], [2, 2, 3], [3, 2, 3], [2, 0, 1], [4, 0, 1], [0, 2, 3], [2, 2, 1], [4, 1, 0], [4, 2, 1], [0, 3, 2], [1, 2, 1], [2, 0, 1], [1, 1, 0], [2, 1, 2], [3, 2, 1], [4, 0, 1], [0, 3, 2], [5, 3, 2], [4, 2, 1], [4, 2, 1], [1, 3, 2], [2, 1, 2], [4, 2, 1], [0, 1, 2], [4, 2, 3], [3, 1, 0], [2, 0, 1], [5, 2, 3], [1, 0, 1], [3, 2, 3], [0, 2, 3], [3, 1, 2], [2, 1, 2], [5, 0, 1], [3, 2, 1], [2, 1, 2], [2, 3, 2], [3, 2, 3], [2, 2, 1], [0, 3, 2], [1, 1, 2], [2, 2, 1], [1, 3, 2], [1, 3, 2], [2, 1, 2], [4, 3, 2], [2, 0, 1], [0, 1, 2], [3, 3, 2], [2, 2, 1], [2, 3, 2], [0, 2, 3], [1, 3, 2], [2, 1, 2], [3, 0, 1], [1, 1, 0], [0, 1, 2], [2, 3, 2], [2, 1, 0], [5, 0, 1], [3, 1, 2], [2, 2, 1], [4, 2, 1], [5, 0, 1], [2, 1, 2]] Fitness: 0.8678326824022188

Gene: [[4, 2, 3], [2, 1, 2], [4, 3, 2], [2, 2, 1], [0, 2, 1], [2, 2, 3], [4, 2, 3], [0, 2, 1], [4, 0, 1], [4, 0, 1], [3, 2, 1], [5, 2, 1], [4, 1, 0], [0, 1, 0], [0, 3, 2], [0, 3, 2], [0, 3, 2], [4, 1, 2], [1, 2, 3], [1, 2, 3], [2, 2, 3], [1, 2, 3], [4, 2, 1], [5, 2, 3], [2, 3, 2], [4, 1, 0], [0, 1, 0], [1, 2, 1], [0, 2, 1], [1, 2, 3], [0, 1, 0], [5, 1, 2], [3, 2, 3], [4, 2, 3], [2, 0, 1], [4, 0, 1], [1, 3, 2], [3, 2, 1], [5, 1, 2], [2, 2, 1], [2, 2, 1], [2, 1, 2], [2, 1, 2], [1, 2, 3], [5, 0, 1], [2, 2, 1], [5, 0, 1], [0, 1, 2], [2, 2, 1], [0, 2, 3], [5, 1, 2], [4, 2, 3], [2, 3, 2], [4, 0, 1], [3, 3, 2], [4, 0, 1], [5, 1, 2], [3, 1, 0], [2, 2, 1], [2, 1, 2], [2, 2, 3], [5, 1, 2], [5, 1, 2], [0, 3, 2], [4, 1, 0], [2, 2, 1], [3, 2, 1], [1, 2, 3], [3, 3, 2], [5, 3, 2], [4, 0, 1], [5, 0, 1], [5, 2, 1], [5, 3, 2], [3, 2, 1], [4, 3, 2], [0, 1, 2], [3, 2, 1], [4, 0, 1], [2, 1, 2]] Fitness: 0.8811321810147117

Gene: [[5, 3, 2], [3, 2, 1], [3, 2, 3], [5, 2, 3], [3, 2, 1], [4, 0, 1], [4, 2, 3], [3, 2, 1], [2, 2, 1], [1, 2, 3], [4, 2, 3], [2, 2, 1], [4, 0, 1], [3, 0, 1], [3, 2, 1], [5, 3, 2], [4, 1, 2], [5, 1, 2], [4, 0, 1], [5, 3, 2], [1, 0, 1], [5, 2, 3], [0, 2, 3], [4, 1, 2], [3, 2, 3], [1, 2, 1], [1, 1, 0], [2, 1, 2], [1, 2, 3], [2, 0, 1], [4, 2, 3], [5, 3, 2], [4, 0, 1], [5, 0, 1], [2, 1, 0], [5, 2, 1], [5, 2, 3], [4, 0, 1], [5, 3, 2], [3, 2, 3], [4, 1, 0], [0, 1, 0], [2, 3, 2], [4, 2, 3], [4, 2, 3], [4, 2, 3], [5, 1, 0], [1, 2, 3], [0, 3, 2], [5, 3, 2], [0, 1, 0], [4, 0, 1], [0, 1, 0], [5, 1, 2], [3, 2, 3], [0, 3, 2], [5, 2, 3], [4, 1, 0], [4, 1, 0], [4, 2, 3], [1, 2, 3], [5, 1, 2], [2, 3, 2], [5, 3, 2], [1, 2, 3], [3, 3, 2], [4, 2, 3], [1, 2, 3], [0, 2, 1], [1, 3, 2], [5, 3, 2], [3, 3, 2], [5, 3, 2], [3, 3, 2], [0, 2, 1], [2, 2, 3], [1, 2, 1], [2, 0, 1], [3, 2, 1], [5, 3, 2], [0, 2, 3], [5, 2, 3], [2, 0, 1], [3, 3, 2], [5, 1, 2], [0, 2, 1], [2, 1, 2], [2, 0, 1], [4, 0, 1], [1, 2, 3], [2, 0, 1], [4, 2, 3], [0, 2, 3], [4, 1, 0], [3, 3, 2], [0, 0, 1]] Fitness: 0.8703902411475687

Gene: [[1, 0, 1], [5, 1, 0], [2, 2, 3], [1, 2, 1], [1, 0, 1], [3, 1, 0], [4, 0, 1], [5, 0, 1], [4, 2, 1], [4, 2, 3], [4, 2, 1], [2, 1, 0], [0, 1, 0], [1, 0, 1], [4, 0, 1], [4, 3, 2], [4, 3, 2], [4, 2, 3], [3, 1, 0], [5, 0, 1], [4, 1, 0], [4, 3, 2], [4, 3, 2], [4, 2, 1], [5, 3, 2], [3, 1, 0], [5, 2, 1], [2, 1, 0], [0, 1, 0], [5, 3, 2], [5, 1, 0], [0, 1, 0], [3, 1, 2], [2, 3, 2], [2, 1, 0], [1, 0, 1], [2, 2, 1], [5, 1, 2], [3, 1, 0], [1, 1, 0], [4, 3, 2], [2, 2, 3], [3, 1, 2], [4, 1, 0], [1, 2, 3], [4, 2, 3], [5, 1, 0], [3, 0, 1], [2, 1, 0], [2, 0, 1], [4, 0, 1], [4, 0, 1], [2, 2, 3], [5, 3, 2], [4, 0, 1], [4, 1, 0], [5, 2, 3], [2, 0, 1], [4, 0, 1], [5, 1, 0], [1, 2, 3], [4, 1, 0], [4, 2, 1], [3, 1, 0], [2, 0, 1], [2, 1, 0], [1, 3, 2], [5, 1, 0], [2, 1, 0], [1, 2, 1], [4, 2, 3], [1, 2, 3], [5, 1, 0], [5, 1, 2], [2, 3, 2], [2, 2, 3], [3, 1, 2], [5, 1, 0], [0, 0, 1], [2, 1, 0], [0, 2, 3], [5, 1, 0], [5, 1, 0], [1, 1, 2], [5, 1, 0], [2, 2, 3], [0, 2, 3], [3, 1, 0], [2, 1, 2], [2, 1, 0], [2, 3, 2]] Fitness: 0.8678326824022188

Gene: [[1, 2, 3], [2, 2, 3], [5, 3, 2], [5, 2, 3], [2, 0, 1], [0, 2, 3], [3, 1, 0], [2, 1, 0], [5, 1, 0], [2, 1, 0], [0, 3, 2], [5, 2, 3], [1, 1, 0], [2, 2, 1], [5, 0, 1], [2, 2, 1], [1, 0, 1], [4, 1, 0], [2, 1, 2], [5, 2, 3], [4, 1, 0], [4, 2, 1], [1, 0, 1], [2, 2, 3], [1, 2, 3], [2, 1, 0], [1, 0, 1], [2, 2, 3], [5, 0, 1], [4, 2, 1], [1, 0, 1], [0, 3, 2], [4, 3, 2], [2, 2, 3], [2, 1, 2], [4, 2, 3], [1, 3, 2], [2, 2, 3], [2, 2, 1], [2, 1, 0], [3, 2, 3], [5, 2, 1], [4, 2, 3], [0, 1, 0], [5, 0, 1], [4, 3, 2], [2, 0, 1], [1, 0, 1], [2, 2, 3], [2, 1, 0], [1, 2, 3], [5, 1, 2], [1, 0, 1], [5, 0, 1], [2, 1, 2], [2, 2, 3], [3, 0, 1], [2, 2, 3], [0, 2, 3], [2, 2, 1], [0, 1, 0], [5, 2, 3], [3, 1, 0], [0, 2, 3], [2, 2, 3], [2, 0, 1], [2, 0, 1], [1, 2, 3], [4, 2, 1], [4, 2, 1], [0, 1, 2], [2, 2, 3], [2, 2, 3], [2, 2, 3], [2, 2, 3], [4, 2, 3], [3, 2, 1], [0, 1, 0], [0, 2, 3], [3, 2, 1], [5, 0, 1], [0, 2, 3], [5, 2, 3], [0, 1, 2], [5, 1, 2], [0, 3, 2], [5, 1, 2], [0, 1, 0], [2, 2, 3], [1, 0, 1]] Fitness: 0.8742049867732312

Gene: [[3, 1, 0], [1, 2, 3], [4, 1, 0], [4, 1, 0], [1, 0, 1], [1, 0, 1], [0, 2, 1], [1, 3, 2], [3, 3, 2], [4, 1, 0], [4, 1, 0], [1, 0, 1], [3, 0, 1], [3, 0, 1], [5, 1, 0], [1, 0, 1], [0, 1, 2], [4, 0, 1], [1, 2, 1], [5, 2, 1], [0, 0, 1], [2, 0, 1], [0, 0, 1], [1, 3, 2], [3, 1, 0], [5, 0, 1], [4, 2, 1], [5, 1, 0], [1, 1, 2], [3, 1, 2], [3, 1, 0], [3, 1, 0], [5, 1, 2], [2, 2, 3], [4, 2, 3], [4, 3, 2], [3, 1, 2], [1, 0, 1], [4, 3, 2], [2, 0, 1], [0, 1, 2], [2, 3, 2], [1, 2, 1], [0, 1, 2], [4, 2, 1], [1, 3, 2], [4, 1, 2], [0, 2, 3], [0, 1, 2], [5, 1, 0], [0, 1, 0], [2, 2, 1], [5, 2, 3], [3, 1, 2], [3, 1, 0], [3, 2, 3], [0, 3, 2], [0, 0, 1], [3, 1, 0], [0, 2, 1], [0, 1, 2], [2, 2, 3], [0, 1, 2], [3, 0, 1], [5, 1, 2], [1, 3, 2], [4, 0, 1], [4, 0, 1], [1, 0, 1], [4, 3, 2], [1, 2, 1], [5, 2, 3], [5, 1, 0], [4, 1, 0], [0, 1, 2], [2, 2, 3], [1, 1, 2], [0, 0, 1], [5, 1, 0], [4, 0, 1], [4, 3, 2], [2, 3, 2], [0, 2, 1], [5, 2, 1], [3, 0, 1], [0, 1, 2]] Fitness: 0.8735709860899927

Gene: [[0, 2, 3], [2, 1, 2], [0, 2, 1], [3, 3, 2], [0, 3, 2], [0, 3, 2], [4, 1, 0], [0, 0, 1], [5, 2, 1], [0, 0, 1], [0, 0, 1], [5, 2, 3], [1, 3, 2], [2, 1, 0], [0, 1, 2], [2, 1, 2], [1, 2, 1], [0, 3, 2], [0, 2, 1], [0, 1, 2], [0, 3, 2], [0, 0, 1], [1, 2, 1], [0, 3, 2], [0, 2, 1], [0, 3, 2], [3, 2, 3], [0, 3, 2], [0, 3, 2], [0, 2, 1], [2, 1, 0], [0, 0, 1], [4, 1, 2], [0, 3, 2], [0, 2, 1], [3, 1, 0], [0, 1, 2], [0, 2, 3], [2, 1, 2], [0, 2, 1], [0, 3, 2], [0, 3, 2], [5, 2, 1], [0, 3, 2], [3, 3, 2], [1, 0, 1], [2, 2, 3], [0, 0, 1], [5, 1, 2], [3, 2, 3], [0, 3, 2], [0, 0, 1], [0, 2, 3], [0, 2, 3], [5, 2, 3], [0, 0, 1], [0, 1, 0], [5, 3, 2], [0, 0, 1], [0, 0, 1], [0, 1, 2], [2, 1, 0], [4, 1, 0], [1, 2, 3], [3, 1, 0], [0, 0, 1], [2, 1, 2], [5, 1, 2], [2, 1, 0], [0, 2, 1], [2, 2, 1], [5, 0, 1], [0, 2, 3], [3, 3, 2], [0, 2, 3], [0, 2, 3], [0, 0, 1], [5, 2, 3], [1, 2, 3], [1, 0, 1], [1, 3, 2], [2, 2, 1], [3, 0, 1]] Fitness: 0.8691129077853791

